ID	tt_tram	tt_metro	tt_bus	tc_tram	tc_metro	tc_bus	hw_tram	hw_metro	hw_bus	choice
1	25	10	40	1.5	2	1.5	9	7	12	2
2	30	15	25	2	4.5	0.5	9	7	12	2
3	25	15	40	2.5	3	0.5	9	5	12	2
4	30	20	25	2.5	2	1	7	7	12	1
5	30	10	40	2.5	3	1.5	12	7	10	2
6	25	20	45	2	2	1	9	5	10	2
7	25	15	40	2	2	0.5	9	12	15	1
8	30	20	25	1.5	3	1	12	7	15	2
9	30	10	40	2	3	1	7	12	15	1
10	25	15	40	2	3	0.5	7	7	12	1
11	15	20	45	2.5	4.5	1	7	5	12	2
12	25	10	45	2	4.5	1	12	12	10	2
13	25	15	25	2.5	3	0.5	7	7	15	2
14	25	15	40	2	3	1.5	12	12	15	1
15	30	20	45	1.5	4.5	0.5	9	5	10	2
16	25	15	25	2.5	3	1.5	9	5	15	2
17	25	10	45	2.5	2	1.5	9	5	10	2
18	15	10	40	1.5	3	1.5	12	12	12	1
19	25	20	40	2	4.5	0.5	7	12	12	1
20	30	15	45	1.5	2	0.5	7	5	15	2
21	30	15	40	2.5	3	1	7	5	12	2
22	25	15	25	2	3	0.5	12	7	15	2
23	25	15	40	1.5	2	1	12	7	12	2
24	30	15	45	2	3	1.5	9	5	15	2
25	15	15	40	2	3	1	12	7	15	2
26	30	10	25	2	3	1	7	5	10	2
27	15	15	25	1.5	4.5	1	9	5	12	2
28	25	15	40	2	3	0.5	9	12	12	1
29	25	15	25	2	3	1	9	12	10	3
30	25	10	45	2	3	0.5	7	5	12	2
31	25	10	45	2	4.5	1	9	7	15	2
32	25	20	40	2.5	3	0.5	9	5	12	2
33	30	10	40	2.5	4.5	1	9	7	12	2
34	30	10	40	2.5	4.5	1	9	7	12	2
35	25	15	40	2	2	1	7	7	15	2
36	15	20	45	2.5	3	1.5	9	12	12	1
37	25	15	40	1.5	3	1	12	12	15	2
38	25	20	25	1.5	3	1.5	7	5	12	2
39	25	20	40	2	3	1.5	12	7	10	2
40	30	20	45	1.5	2	1	9	7	15	2
41	15	15	40	1.5	4.5	1	9	5	12	2
42	25	10	40	2.5	4.5	0.5	7	7	10	1
43	25	15	40	2	4.5	1	12	7	12	2
44	25	20	40	1.5	4.5	1	9	12	10	1
45	15	15	25	2	3	1	12	12	12	3
46	25	20	45	1.5	4.5	1	7	12	12	1
47	30	15	40	2	2	1	12	7	15	2
48	25	15	40	1.5	4.5	1	7	7	10	1
49	25	20	25	2	3	0.5	7	7	12	1
50	15	20	25	2	2	1.5	7	5	12	2
51	25	20	45	1.5	4.5	1.5	9	7	12	2
52	25	10	40	2	3	1	7	7	10	1
53	15	15	25	2	2	1	9	7	12	2
54	25	15	45	2	3	1	9	7	12	2
55	25	10	40	2	3	0.5	9	7	12	2
56	15	10	45	2	2	1	9	7	12	2
57	15	15	45	1.5	4.5	1.5	7	12	12	1
58	25	15	40	2.5	3	1.5	12	5	15	2
59	25	15	40	1.5	2	1	9	12	12	1
60	15	20	40	1.5	4.5	1.5	7	5	15	1
61	25	15	40	2	3	1	9	12	15	1
62	15	20	25	2	3	1.5	12	7	12	2
63	30	20	40	2	2	1.5	9	7	10	2
64	30	15	45	2	2	1.5	9	7	10	1
65	25	10	25	2	4.5	1	9	5	15	2
66	25	15	40	2.5	4.5	1	7	12	10	1
67	25	10	25	1.5	3	1.5	12	5	15	2
68	30	15	40	1.5	2	1.5	12	12	12	1
69	25	15	45	2	2	0.5	9	7	12	2
70	25	15	45	2	3	1.5	12	7	10	2
71	25	10	40	1.5	4.5	1	12	12	15	2
72	25	10	45	1.5	2	1.5	9	12	10	1
73	25	15	40	1.5	3	0.5	7	12	12	1
74	25	15	45	2	3	0.5	9	12	15	1
75	30	20	40	1.5	3	0.5	9	5	10	2
76	25	15	25	2	4.5	0.5	12	5	12	2
77	15	15	25	1.5	4.5	1	12	5	15	2
78	15	20	40	2.5	4.5	1	9	12	12	1
79	25	10	25	2	4.5	0.5	9	5	10	2
80	25	15	40	2.5	3	0.5	9	5	12	2
81	25	15	25	2	3	1	9	5	12	2
82	25	15	25	1.5	4.5	0.5	7	7	12	1
83	25	10	40	2	4.5	1	9	5	15	2
84	25	15	40	1.5	4.5	1	9	7	10	1
85	25	20	40	1.5	3	1	12	12	15	1
86	30	15	40	2	3	0.5	12	12	12	2
87	15	20	45	2	2	0.5	7	7	12	2
88	25	15	40	1.5	3	1	12	7	12	2
89	30	10	40	2	3	1.5	7	7	10	2
90	15	15	45	2.5	4.5	1	12	12	10	3
91	15	20	40	2	4.5	1	9	7	12	2
92	25	15	25	1.5	3	1	7	12	15	1
93	25	15	25	2	2	1	7	12	12	1
94	25	10	40	2	2	1	12	7	12	2
95	25	10	40	1.5	3	0.5	9	12	12	2
96	30	15	45	2	4.5	1	7	5	12	1
97	25	15	45	2	3	1	9	7	10	2
98	30	10	40	2	3	1	9	7	12	2
99	25	15	25	2	2	1	12	7	12	2
100	25	10	25	2.5	4.5	1	7	5	12	2
101	30	15	45	1.5	2	1	9	5	12	2
102	15	10	40	2.5	2	1.5	9	5	12	2
103	15	15	40	2	2	1.5	7	12	12	1
104	25	15	40	2	3	1	9	7	15	2
105	25	15	45	2	2	1.5	9	7	12	2
106	15	10	40	2	3	1	7	12	12	1
107	25	20	25	1.5	4.5	1	9	12	15	1
108	25	15	25	1.5	4.5	1.5	12	12	12	1
109	25	15	40	2.5	2	0.5	7	12	12	1
110	15	20	40	1.5	3	1.5	12	7	12	2
111	25	20	40	1.5	3	0.5	7	7	10	2
112	15	10	40	1.5	3	1	7	7	12	1
113	25	15	40	2	2	1.5	9	12	10	1
114	30	10	40	2.5	3	0.5	9	5	15	2
115	15	15	40	2.5	3	1	12	7	15	2
116	30	15	40	2.5	3	1	9	5	15	2
117	25	10	45	2.5	3	0.5	9	7	12	2
118	25	20	40	1.5	3	0.5	9	12	12	1
119	30	15	45	2	3	0.5	9	12	15	1
120	30	10	40	1.5	4.5	1.5	9	7	15	1
121	15	15	25	2	4.5	1.5	9	5	12	2
122	25	20	40	2	2	1	9	7	10	2
123	30	10	45	2.5	3	1.5	7	5	12	2
124	30	15	40	2	3	0.5	12	7	15	2
125	25	20	25	2.5	4.5	0.5	9	7	15	2
126	25	20	40	1.5	4.5	1	9	7	12	2
127	15	10	40	2	3	1.5	9	7	15	2
128	25	15	40	2	4.5	0.5	12	7	10	1
129	25	20	45	1.5	4.5	1	12	7	15	2
130	15	15	45	2.5	2	1.5	7	12	15	1
131	30	15	40	2.5	2	1	9	12	12	1
132	25	15	45	1.5	4.5	1	12	7	12	2
133	25	15	40	2	4.5	1.5	12	7	12	2
134	30	20	45	2	3	1	9	12	15	1
135	25	10	25	1.5	3	0.5	7	5	12	2
136	15	15	45	1.5	3	1	9	12	15	1
137	25	15	40	2	3	1	7	7	15	2
138	30	20	40	2.5	4.5	1	9	5	12	2
139	25	15	45	1.5	2	1.5	12	7	12	2
140	25	20	40	2.5	2	1.5	9	7	15	2
141	30	15	40	2	2	1	7	7	12	2
142	15	15	40	1.5	3	0.5	9	7	10	2
143	25	20	40	2.5	3	1	12	7	12	2
144	30	15	25	1.5	3	1.5	9	7	10	1
145	25	15	40	1.5	3	1	9	7	12	2
146	25	15	40	1.5	4.5	1.5	9	12	12	1
147	30	10	40	1.5	3	0.5	7	12	12	1
148	25	10	40	2	2	1	12	7	10	2
149	15	10	40	2.5	4.5	1	9	12	15	1
150	25	10	45	2.5	3	1.5	12	7	15	2
151	15	15	45	1.5	2	0.5	9	7	12	2
152	15	10	40	2	3	1.5	12	7	12	2
153	25	10	25	2.5	3	1	7	12	10	1
154	30	15	40	1.5	4.5	0.5	7	7	12	1
155	30	10	45	2	3	0.5	12	7	15	2
156	30	20	45	2	4.5	0.5	9	7	12	1
157	15	10	25	2	4.5	1	9	7	15	2
158	25	20	40	2	2	1	9	5	12	2
159	25	15	40	2	3	1	12	12	12	3
160	25	15	40	2	3	1	12	12	12	1
161	25	10	45	2	4.5	1.5	12	5	12	2
162	25	10	45	2	2	1.5	12	7	15	2
163	15	20	45	2	2	1	9	7	12	2
164	30	15	40	1.5	3	0.5	9	7	12	2
165	25	15	25	2.5	2	1	9	5	10	2
166	25	15	40	1.5	3	1.5	9	5	12	2
167	30	10	45	1.5	3	1	9	7	15	2
168	15	15	25	2	3	1.5	12	12	12	1
169	25	10	25	2.5	4.5	1	7	7	10	2
170	25	15	40	2	4.5	0.5	7	5	10	2
171	15	15	40	1.5	3	1	9	7	12	2
172	25	15	25	2.5	2	1.5	7	7	10	2
173	15	15	25	2.5	2	0.5	9	12	12	1
174	25	15	45	2	3	1	7	5	12	2
175	30	20	40	1.5	3	1.5	9	5	10	2
176	15	15	40	2	4.5	0.5	7	7	15	1
177	25	15	40	1.5	4.5	0.5	7	7	12	1
178	30	15	25	2	4.5	1.5	12	12	12	2
179	25	15	40	2.5	3	1	9	7	15	2
180	15	20	40	2	2	1	9	7	10	2
181	25	10	45	2	3	1	12	7	10	2
182	25	20	40	1.5	4.5	0.5	7	5	12	1
183	15	20	45	1.5	3	1.5	9	7	12	2
184	25	15	25	2	3	0.5	9	7	15	2
185	25	10	25	2.5	3	1.5	7	7	12	2
186	25	10	45	2	3	1	9	7	12	2
187	25	15	45	2	3	1	9	12	10	1
188	15	15	45	2	4.5	1	9	12	15	1
189	25	15	25	2	3	1.5	9	5	15	2
190	25	15	25	2	3	1.5	7	12	12	1
191	15	15	25	2.5	3	0.5	12	7	15	2
192	15	10	40	2	3	1.5	9	12	12	1
193	15	15	40	2.5	3	1	12	7	12	2
194	25	10	40	2.5	3	1.5	9	5	12	2
195	25	10	45	2	2	1.5	12	12	10	3
196	30	15	45	2.5	3	0.5	7	7	10	1
197	15	15	25	2	4.5	0.5	9	7	10	2
198	25	15	40	2	4.5	1	9	12	15	1
199	15	10	45	1.5	2	1	12	7	15	2
200	25	10	25	2	3	1	9	7	15	2
201	15	20	25	1.5	3	1.5	9	7	10	2
202	15	20	25	1.5	2	1	9	5	15	2
203	30	20	40	2	3	1.5	12	5	12	2
204	15	10	40	2.5	3	0.5	9	7	10	2
205	25	15	40	2.5	3	1	12	5	10	2
206	30	20	45	2	4.5	1	9	5	12	2
207	15	15	45	2.5	4.5	1.5	9	5	12	2
208	15	10	40	1.5	3	1.5	9	5	12	2
209	25	15	40	2	3	1	7	7	12	2
210	15	15	45	1.5	4.5	1	12	7	15	2
211	25	10	45	1.5	3	1	9	12	12	1
212	30	20	40	1.5	3	1	7	5	15	2
213	25	15	40	2.5	4.5	1	9	7	15	2
214	15	20	40	2.5	3	1	12	5	12	2
215	25	15	25	2.5	3	1.5	9	7	15	2
216	25	20	40	2.5	3	1	9	5	10	2
217	15	15	40	2.5	3	1	9	7	12	2
218	30	15	40	2.5	2	1.5	7	5	12	2
219	15	15	45	2.5	3	1	9	12	12	1
220	25	20	45	2	3	1	7	5	15	2
221	25	15	45	2	3	1	7	12	10	1
222	25	15	40	2.5	3	0.5	7	12	12	1
223	25	15	45	2.5	3	1	7	12	12	1
224	25	20	40	2	4.5	1	12	7	12	2
225	15	10	40	1.5	3	1	9	5	15	2
226	15	10	40	2	4.5	1	9	7	12	1
227	25	15	40	1.5	3	1.5	12	12	12	2
228	25	10	25	2	3	1	12	7	12	2
229	30	20	45	2	4.5	0.5	7	7	12	1
230	30	15	40	1.5	3	1	9	12	12	1
231	30	15	40	2	2	0.5	7	5	12	2
232	15	15	45	1.5	2	1.5	9	7	12	1
233	15	20	45	1.5	4.5	1	12	7	12	2
234	15	15	25	2	3	1	12	5	10	2
235	25	20	25	2	3	1.5	7	5	15	2
236	15	10	40	1.5	3	0.5	12	12	15	1
237	15	15	25	1.5	2	1.5	9	12	12	1
238	25	20	40	2	3	1	9	7	15	2
239	25	10	40	2	2	1	7	7	12	2
240	25	15	40	2	4.5	1	9	7	10	1
241	25	15	40	2	2	0.5	9	7	10	2
242	25	20	25	1.5	2	1.5	9	5	12	2
243	30	15	40	2	3	0.5	7	12	15	1
244	25	15	40	2	4.5	1.5	7	7	10	1
245	30	10	40	1.5	3	1	12	7	10	2
246	25	15	40	2	4.5	1	9	7	15	2
247	30	20	25	2.5	4.5	1.5	9	12	12	3
248	25	15	40	2	3	1.5	7	5	12	2
249	25	15	45	2	2	1	12	7	12	2
250	30	15	40	2	2	1	7	5	15	2
251	15	10	25	1.5	2	0.5	9	5	10	2
252	25	10	40	2.5	2	1	7	7	12	2
253	25	10	45	2	2	1.5	7	5	12	2
254	30	15	40	2	3	0.5	12	7	12	2
255	25	10	40	1.5	2	1	9	5	12	2
256	30	15	40	2	3	1	9	5	15	1
257	15	10	25	1.5	4.5	0.5	9	7	12	2
258	25	15	40	1.5	2	1	7	7	10	1
259	30	15	45	1.5	2	0.5	7	7	12	2
260	25	20	40	1.5	2	1.5	12	7	10	2
261	30	15	40	2	2	0.5	12	7	12	2
262	30	15	40	2	2	1	9	7	12	2
263	25	10	25	2	4.5	1.5	7	5	15	2
264	25	15	40	2	3	1	7	7	10	1
265	25	10	40	2	3	0.5	7	7	12	2
266	15	15	40	2.5	4.5	1	12	5	15	2
267	25	10	40	2.5	3	0.5	7	12	15	1
268	15	10	40	2.5	4.5	1.5	7	7	12	1
269	15	10	40	2	4.5	0.5	12	7	12	2
270	30	10	40	2	3	1	9	12	10	1
271	25	20	25	1.5	3	0.5	9	7	15	2
272	15	15	45	1.5	3	1	12	12	12	1
273	15	10	40	2.5	2	1.5	12	12	10	2
274	30	10	45	2.5	3	1	7	7	12	2
275	15	15	40	2	2	0.5	7	7	10	2
276	15	15	40	2	3	0.5	12	5	15	2
277	25	15	45	2	4.5	1	12	7	15	2
278	25	15	25	2.5	2	1	12	7	15	2
279	25	10	25	2	2	1.5	12	7	12	2
280	30	20	40	2.5	2	1	9	5	12	2
281	25	10	40	2.5	4.5	1	9	7	12	2
282	25	15	40	2	3	1	7	12	15	1
283	30	15	45	2	3	1.5	7	12	12	1
284	30	10	40	2	2	1	9	5	15	2
285	25	15	40	1.5	4.5	1	12	7	12	2
286	30	15	25	1.5	4.5	1.5	12	7	10	2
287	30	10	40	2.5	3	0.5	9	7	12	2
288	25	10	45	2	4.5	0.5	12	7	15	2
289	25	10	40	2	3	0.5	12	5	12	2
290	15	20	40	2	4.5	1	9	12	10	1
291	25	15	45	2	2	1	12	7	15	2
292	15	15	25	2	4.5	1	12	12	15	1
293	30	20	25	2.5	3	1	12	5	12	2
294	25	15	25	1.5	3	1	9	7	15	2
295	15	15	40	2	3	1	7	7	12	2
296	15	10	25	1.5	2	1	12	7	12	2
297	25	20	40	2	3	1.5	9	7	15	2
298	30	10	25	1.5	3	1	9	7	12	2
299	30	20	25	1.5	3	0.5	9	12	15	1
300	25	15	40	1.5	3	1	9	7	12	2
301	15	10	40	2	3	1	7	5	10	2
302	30	15	25	2	2	1.5	9	7	12	2
303	25	15	40	2.5	2	1	7	5	15	2
304	15	15	25	2.5	2	1	12	7	12	2
305	30	10	45	2	2	0.5	9	12	12	1
306	25	20	25	2.5	2	1.5	12	5	12	2
307	25	10	40	2	3	1.5	7	12	12	1
308	30	15	40	2	2	1	7	12	10	1
309	25	15	25	2	3	1	7	5	10	2
310	30	15	40	2	2	1.5	12	5	12	2
311	25	10	45	1.5	4.5	0.5	12	5	12	2
312	25	15	45	2.5	4.5	1	12	5	12	2
313	15	15	40	2	4.5	1	7	5	15	2
314	15	15	40	2	2	1	12	5	12	2
315	25	15	45	1.5	2	1	9	7	12	2
316	15	20	25	1.5	3	1	7	12	15	1
317	30	10	45	2	2	1	9	7	12	2
318	15	20	45	2	4.5	1	9	5	12	2
319	30	15	25	2	3	0.5	7	12	10	3
320	25	10	45	2	3	0.5	7	7	12	1
321	25	10	40	2	2	1	9	7	10	2
322	25	15	25	2.5	3	1.5	9	5	15	2
323	15	20	45	2.5	3	1.5	12	7	12	2
324	25	15	40	2.5	4.5	1	12	7	10	2
325	25	10	40	2	4.5	1	9	7	12	2
326	25	20	40	2.5	2	1	9	5	12	2
327	15	20	45	2	3	1	12	12	12	2
328	25	10	40	2.5	3	0.5	12	12	10	2
329	30	20	40	2	3	0.5	9	12	12	1
330	25	15	45	2.5	2	1.5	9	5	15	2
331	25	20	25	2.5	4.5	1	7	12	15	1
332	15	20	25	2.5	4.5	1.5	9	7	15	1
333	25	15	40	2.5	2	1	9	7	12	2
334	25	10	40	2.5	3	0.5	7	5	12	2
335	25	15	45	2	3	0.5	7	7	10	2
336	30	20	40	2	4.5	1	9	7	10	1
337	25	15	40	2	3	1	9	7	10	2
338	25	10	25	1.5	4.5	1.5	9	7	12	2
339	30	10	40	2	2	1.5	12	5	12	2
340	15	20	25	2	3	1	9	7	10	1
341	30	15	25	2	3	1.5	9	7	12	2
342	25	20	25	1.5	3	0.5	9	5	12	2
343	25	20	40	2	2	1.5	9	7	15	2
344	30	10	40	1.5	3	1.5	12	7	10	2
345	25	15	45	2	2	1.5	9	7	10	2
346	30	15	40	2	3	1.5	12	5	12	2
347	25	15	40	2	2	1.5	7	12	10	1
348	30	15	40	2	4.5	1	12	7	15	2
349	15	15	40	2	4.5	0.5	9	7	12	2
350	30	15	40	2.5	3	0.5	12	7	12	2
351	15	10	25	2	4.5	1.5	12	12	12	3
352	25	15	40	2	2	1	12	7	12	2
353	25	15	25	2.5	3	0.5	7	7	10	2
354	15	15	25	2.5	3	0.5	9	7	12	2
355	25	15	25	2	4.5	0.5	9	5	10	2
356	25	10	45	2	3	1	7	12	10	1
357	25	20	40	2	4.5	1	7	7	10	1
358	15	15	40	1.5	3	1	12	7	12	2
359	30	20	40	1.5	4.5	1	9	5	12	2
360	30	20	25	2	2	1	12	12	10	3
361	25	20	25	1.5	3	1	9	7	15	2
362	30	15	40	2	4.5	0.5	9	5	10	2
363	15	15	25	2	4.5	1.5	12	7	12	2
364	15	15	45	2	2	0.5	12	7	12	2
365	30	10	45	2	3	1.5	9	7	10	2
366	25	20	45	2	3	1	9	7	15	2
367	25	15	40	1.5	3	1	7	5	12	2
368	15	15	40	1.5	3	1	9	7	12	1
369	30	15	40	2.5	2	1	7	7	12	2
370	25	15	40	1.5	3	1	9	7	10	2
371	15	15	25	1.5	2	1	9	7	12	2
372	25	10	25	2.5	2	0.5	9	7	12	2
373	25	15	40	1.5	3	1.5	9	7	12	2
374	30	15	25	2	3	1.5	9	5	12	2
375	25	20	25	2	3	1	9	12	10	3
376	25	10	45	2	3	1	9	7	12	2
377	30	10	45	2	3	1	7	12	10	1
378	15	10	40	2	3	1.5	12	7	10	2
379	25	10	25	2	2	1	9	12	12	1
380	15	15	40	2.5	2	1	9	5	12	2
381	25	15	25	2	4.5	0.5	12	12	15	1
382	30	15	45	2	2	1	12	7	12	2
383	25	15	40	1.5	2	1	9	12	12	3
384	25	15	40	2	2	1	9	7	10	1
385	25	20	40	2	3	1.5	12	7	12	2
386	15	15	40	2	3	0.5	12	12	12	1
387	15	15	40	2	2	1.5	12	5	12	2
388	25	15	40	2	4.5	1.5	12	7	12	2
389	30	15	25	2.5	4.5	1.5	9	5	12	2
390	25	20	40	2	2	1	12	5	10	2
391	25	20	25	1.5	3	0.5	7	12	12	1
392	15	20	40	2	3	0.5	9	12	12	1
393	15	15	45	2.5	4.5	1	12	5	12	2
394	30	15	25	2	3	1.5	7	5	15	2
395	30	10	25	1.5	3	0.5	9	7	15	2
396	25	15	25	2	4.5	1.5	9	7	10	1
397	30	10	40	2	2	1.5	12	7	12	2
398	25	20	45	1.5	2	0.5	9	12	10	1
399	15	20	45	1.5	3	0.5	7	12	12	1
400	30	15	25	2	2	1	7	5	15	2
401	25	10	25	1.5	2	1	9	12	10	1
402	25	15	45	2	2	1	12	5	12	2
403	25	15	45	2	3	1.5	9	7	10	2
404	25	10	25	2	2	0.5	7	5	10	2
405	15	15	40	1.5	3	1	7	7	12	1
406	15	20	40	1.5	2	1	12	7	12	2
407	30	15	45	2	3	0.5	12	12	10	3
408	25	20	40	2	3	1	9	7	12	1
409	30	10	45	2.5	2	1	12	7	15	2
410	30	20	25	2	3	1.5	12	7	15	2
411	25	20	40	2.5	3	1.5	9	12	12	1
412	30	10	40	2	3	0.5	9	7	15	2
413	30	15	45	2	4.5	1	9	5	10	2
414	30	20	25	1.5	4.5	1	7	7	10	1
415	30	15	40	1.5	3	1	7	5	12	2
416	30	15	40	1.5	3	1.5	9	12	12	1
417	30	20	40	2.5	3	0.5	9	7	12	2
418	25	20	25	2	2	1.5	12	5	12	2
419	15	15	45	2	3	1	9	7	12	2
420	30	15	45	2	4.5	1.5	9	12	12	1
421	30	20	40	1.5	3	1	12	12	12	2
422	30	15	25	2	3	1	12	7	12	2
423	15	15	25	2	2	1.5	9	5	15	2
424	25	15	40	1.5	2	1.5	12	7	15	2
425	25	15	40	2	3	1	9	5	15	2
426	25	15	40	2	4.5	0.5	12	7	12	2
427	25	10	25	2	3	1	7	7	12	2
428	30	20	40	1.5	3	1	7	7	15	1
429	30	20	25	1.5	2	0.5	7	7	12	2
430	25	20	40	2.5	3	1	7	12	12	1
431	25	10	25	2	3	1	9	12	12	3
432	15	15	40	2.5	3	1	12	7	10	2
433	15	10	25	2	3	1	7	7	12	1
434	25	10	40	2.5	2	0.5	7	5	10	2
435	25	15	40	1.5	4.5	1	7	12	10	1
436	15	20	25	2.5	3	1	9	12	15	1
437	15	20	25	1.5	4.5	1	9	7	12	1
438	25	10	25	2.5	2	1.5	7	5	10	2
439	30	15	40	1.5	3	1	7	7	12	2
440	30	15	40	2	4.5	0.5	9	12	10	1
441	15	15	40	2	3	1.5	12	12	10	3
442	25	20	45	2.5	2	0.5	9	5	15	2
443	30	15	45	1.5	3	1	12	12	15	2
444	25	15	25	1.5	3	1.5	12	7	12	2
445	25	10	40	1.5	3	1	12	7	10	2
446	15	15	45	1.5	4.5	1	9	7	12	1
447	30	15	45	1.5	3	1	12	7	12	2
448	30	15	40	2.5	3	1.5	12	7	12	2
449	15	10	45	1.5	3	1.5	7	5	12	2
450	30	15	25	2	2	0.5	12	7	12	2
451	25	15	45	2	3	1	12	7	10	2
452	30	15	25	2	3	1	7	7	10	1
453	30	10	25	1.5	3	0.5	9	5	12	2
454	25	15	40	1.5	3	1	12	7	10	2
455	15	15	40	1.5	3	1	9	7	12	2
456	25	15	40	2.5	2	0.5	9	7	10	2
457	30	10	45	1.5	2	1	7	12	10	1
458	25	15	45	2	3	0.5	9	5	15	2
459	15	20	25	2.5	4.5	1	9	7	12	2
460	25	10	25	2.5	3	1	9	7	12	2
461	30	15	25	2	4.5	0.5	12	7	10	2
462	25	20	40	2	3	1	7	7	10	1
463	25	15	40	1.5	2	1	9	12	10	3
464	15	15	45	2	2	0.5	9	7	15	1
465	30	15	40	1.5	3	1.5	9	7	12	2
466	30	15	40	1.5	2	1	9	7	12	2
467	15	15	45	1.5	4.5	0.5	9	7	12	2
468	30	15	40	2	3	1	12	12	12	1
469	15	15	25	2	4.5	1	9	7	12	2
470	25	15	40	2.5	3	1	7	7	12	2
471	15	20	25	2	3	1	7	7	15	2
472	30	10	25	2.5	4.5	1	9	7	10	2
473	15	15	45	2	3	1.5	9	7	12	2
474	30	15	25	2.5	2	1	12	12	15	2
475	25	20	40	2	2	1	7	7	15	2
476	30	20	25	1.5	3	1.5	9	7	12	2
477	30	15	40	2	4.5	1	12	7	12	2
478	25	10	25	2	2	1.5	7	12	10	1
479	30	20	40	1.5	2	1	12	5	15	2
480	25	10	40	2	3	1	12	7	12	2
481	30	15	40	2	3	1.5	12	5	12	2
482	15	10	45	1.5	3	1.5	9	7	12	2
483	25	10	40	2.5	2	1.5	9	12	15	1
484	15	15	45	1.5	3	1	9	5	12	2
485	30	15	25	2.5	3	1.5	9	7	15	2
486	25	20	25	2	4.5	1	9	12	10	1
487	25	15	45	2	4.5	0.5	9	5	15	2
488	25	20	40	2	3	1	7	5	10	1
489	25	15	45	2	2	1.5	9	7	12	2
490	25	20	45	2.5	2	1.5	9	12	12	1
491	25	20	40	2.5	3	1	9	7	15	2
492	25	10	25	1.5	2	1.5	9	5	12	2
493	25	15	25	2	3	0.5	9	7	12	2
494	25	20	45	2	2	1.5	12	7	15	2
495	15	10	40	2	3	1	9	7	12	2
496	25	10	45	2.5	2	1	9	7	10	2
497	15	10	40	2	4.5	1	9	7	12	2
498	30	15	40	2	4.5	1	9	7	12	2
499	30	15	40	2	2	0.5	9	5	12	2
500	30	10	45	2	2	0.5	9	7	12	2
501	30	15	45	2	3	0.5	9	7	12	2
502	25	20	40	1.5	4.5	1	12	5	12	2
503	30	15	40	1.5	4.5	1.5	9	5	15	2
504	25	15	40	2.5	3	1	12	7	15	2
505	30	15	45	2	4.5	1	7	12	12	1
506	25	15	45	2	3	0.5	12	7	12	2
507	25	15	45	2.5	3	1.5	12	12	10	3
508	25	20	40	1.5	3	1	12	5	12	2
509	25	15	40	2.5	3	0.5	12	5	10	2
510	25	15	40	2	3	1.5	7	5	15	2
511	25	15	25	2	3	0.5	7	7	10	3
512	25	10	40	1.5	3	1.5	7	7	12	1
513	25	20	40	2	4.5	1.5	9	12	15	1
514	25	10	40	2	3	1.5	7	5	12	2
515	25	15	45	2	4.5	1	7	5	15	2
516	15	20	40	1.5	4.5	0.5	9	5	10	1
517	30	20	45	2	3	1	9	7	15	2
518	25	20	40	2.5	3	1	12	7	12	2
519	30	20	25	2	3	1	9	5	12	2
520	15	20	25	1.5	4.5	1	9	7	10	1
521	25	15	25	2	3	1	9	5	15	2
522	30	15	40	1.5	3	1	9	12	15	1
523	25	15	25	2.5	4.5	1	12	7	15	2
524	15	10	40	2	3	1.5	9	12	10	1
525	30	20	25	1.5	3	0.5	9	7	12	2
526	25	20	45	2	4.5	1.5	7	7	12	1
527	15	15	45	1.5	3	1	7	5	12	2
528	25	10	25	2.5	4.5	1	7	5	12	1
529	30	15	40	2	3	1	9	5	12	2
530	15	20	45	2.5	4.5	0.5	7	12	12	1
531	25	20	40	2	2	1	9	12	15	1
532	30	10	45	2	2	1.5	7	7	12	2
533	15	20	25	2	3	1	9	12	15	1
534	25	10	25	2	4.5	1	12	12	10	3
535	15	15	40	1.5	3	0.5	12	5	12	2
536	15	10	25	1.5	3	1	9	7	12	1
537	25	15	45	2	2	1.5	7	12	12	1
538	25	15	40	2	3	1	9	7	10	2
539	25	15	25	1.5	4.5	1	9	5	12	2
540	30	15	40	2	3	0.5	12	5	10	2
541	15	15	45	2	4.5	1	12	7	12	2
542	30	15	25	1.5	2	0.5	9	7	15	2
543	15	15	40	2.5	2	0.5	7	7	10	2
544	30	15	40	2	3	1.5	12	5	10	2
545	15	15	40	2	3	1	9	12	15	1
546	25	20	40	2	2	0.5	9	7	12	2
547	30	20	25	1.5	4.5	1	7	5	12	2
548	25	10	45	2	3	1.5	9	7	15	2
549	25	20	40	2	4.5	1	9	7	12	2
550	25	15	45	2.5	2	1	12	12	12	2
551	25	20	25	2.5	4.5	1	9	12	10	3
552	15	15	40	2	2	1	7	7	12	1
553	30	15	25	2	3	1	9	5	12	2
554	25	10	25	2	2	1	9	5	12	2
555	25	20	25	1.5	3	1	12	5	12	2
556	15	20	45	2.5	4.5	1	9	12	15	1
557	30	10	40	1.5	4.5	1	12	7	12	2
558	25	15	40	2.5	4.5	1.5	9	5	15	2
559	25	15	40	2	4.5	0.5	9	5	12	2
560	25	10	40	1.5	3	1	9	7	12	1
561	25	15	25	2	2	1.5	12	7	12	2
562	30	20	40	1.5	3	1	9	12	15	1
563	30	15	25	2	3	1.5	9	12	12	1
564	15	20	45	1.5	3	0.5	7	5	12	1
565	25	15	40	2	3	1	9	5	10	2
566	25	15	40	2.5	4.5	1	12	5	12	2
567	30	20	45	2	3	1	9	7	12	2
568	25	20	25	2.5	2	1	12	7	12	2
569	25	20	45	2	3	1	12	5	12	2
570	25	15	40	2	4.5	1.5	9	5	12	2
571	30	20	25	2	4.5	1.5	9	7	12	2
572	25	20	45	2.5	3	1	12	12	12	1
573	25	15	45	1.5	3	1.5	7	12	15	1
574	30	15	40	2.5	3	1.5	9	5	12	2
575	25	20	40	2.5	3	1	9	7	12	2
576	25	15	25	2	3	1	12	7	12	2
577	25	10	25	1.5	2	1.5	9	5	12	2
578	25	10	40	2.5	2	1	12	5	10	2
579	25	15	40	1.5	3	1	9	12	12	1
580	25	15	25	1.5	2	1.5	12	7	15	2
581	25	15	40	1.5	3	0.5	7	5	12	2
582	25	15	45	2	3	1	12	7	10	2
583	25	15	40	2.5	3	1	9	7	12	2
584	30	20	40	2.5	2	1.5	12	12	12	1
585	25	15	45	2.5	2	1	12	7	10	2
586	15	20	40	2.5	4.5	1	9	5	12	2
587	30	15	40	2.5	2	1.5	9	7	12	2
588	25	20	45	2.5	2	1	12	7	12	2
589	15	20	45	2	2	1	9	5	15	2
590	25	10	40	2.5	2	1	9	12	15	1
591	25	20	25	2	3	0.5	7	7	15	2
592	25	15	40	2	3	1.5	7	5	12	1
593	15	20	40	2	2	1	9	7	15	2
594	25	20	40	2	4.5	1	12	7	10	2
595	30	15	40	1.5	4.5	0.5	12	7	12	2
596	25	10	45	2	2	1	9	5	15	2
597	25	10	40	2	3	1.5	9	5	12	2
598	25	10	45	2	3	0.5	7	5	15	2
599	25	15	40	1.5	4.5	0.5	9	5	12	2
600	30	15	40	2	4.5	1.5	9	7	12	1
601	15	10	40	2	3	1.5	9	7	10	2
602	30	15	25	2.5	3	1.5	12	5	15	2
603	25	15	25	1.5	3	1.5	9	7	12	2
604	25	10	40	2	3	1	7	7	12	1
605	25	10	40	2.5	2	1.5	9	7	12	2
606	30	15	45	2	3	1	9	7	10	2
607	25	10	40	2	3	1	9	12	12	2
608	30	15	40	2	2	1	12	5	10	2
609	15	10	45	1.5	2	0.5	9	7	12	2
610	30	10	25	2	3	0.5	9	7	12	2
611	25	15	40	2.5	3	0.5	9	12	12	1
612	15	10	25	1.5	3	1	9	7	15	1
613	25	10	25	2	4.5	0.5	12	12	10	3
614	25	15	40	2	3	1.5	9	5	12	2
615	25	10	40	2	2	1	12	12	12	2
616	15	10	40	1.5	2	1.5	9	5	12	2
617	15	20	45	2	2	1.5	12	7	15	2
618	15	20	40	2	3	1.5	9	12	15	1
619	25	10	40	2	2	1	9	12	12	1
620	25	15	40	2.5	2	1	7	12	12	1
621	25	20	40	2.5	4.5	1	9	7	12	2
622	25	15	25	1.5	3	1	7	7	15	1
623	30	15	25	1.5	3	1.5	12	5	12	2
624	30	15	40	2	2	1	9	7	12	2
625	15	10	40	1.5	3	1.5	9	7	10	2
626	30	15	25	1.5	3	1	12	5	15	2
627	25	15	25	2.5	3	1.5	9	7	10	2
628	30	15	45	2.5	2	1.5	9	12	12	1
629	25	15	25	1.5	3	1.5	12	7	10	2
630	25	15	40	2	2	1	7	7	15	2
631	25	15	40	2.5	3	1.5	9	7	10	2
632	25	10	25	2	3	1.5	12	12	12	1
633	25	20	40	1.5	4.5	1	9	7	12	2
634	25	10	40	1.5	2	1	12	5	10	2
635	30	15	25	2.5	2	1.5	9	12	15	2
636	25	15	40	2.5	3	1.5	7	7	12	1
637	25	15	45	2	2	1	9	5	12	2
638	15	15	25	2	3	0.5	12	12	15	1
639	30	10	40	2	2	1.5	12	12	12	3
640	25	15	25	2	2	0.5	9	7	10	1
641	25	20	45	1.5	2	1	7	5	15	2
642	15	15	25	1.5	3	1.5	7	12	12	1
643	30	15	40	2.5	3	1	7	12	15	1
644	25	15	45	2.5	2	1	7	12	10	1
645	30	15	40	2.5	3	1	7	12	12	1
646	25	10	40	2.5	3	1.5	12	12	15	2
647	25	10	25	2	3	0.5	7	12	15	1
648	25	15	45	1.5	3	0.5	12	7	15	2
649	15	15	45	1.5	3	1	12	5	12	2
650	25	10	40	1.5	3	1	9	7	10	2
651	25	15	40	2.5	3	1.5	12	5	10	2
652	30	15	40	1.5	3	1	9	7	12	2
653	30	15	25	2	2	1.5	9	7	12	2
654	30	15	40	2.5	2	0.5	12	7	15	2
655	25	15	40	2.5	4.5	1.5	9	5	12	2
656	30	20	40	2	3	1	12	7	10	2
657	25	20	40	2	2	1	9	12	15	1
658	30	10	40	1.5	2	1.5	7	7	12	2
659	25	15	25	2	3	0.5	9	5	15	2
660	30	20	25	2	2	1	12	7	12	2
661	15	20	45	2	3	0.5	9	5	15	2
662	25	15	25	2	4.5	1	9	12	15	1
663	25	15	25	2.5	4.5	1.5	7	5	12	2
664	25	10	25	2.5	3	1	9	5	10	2
665	30	10	40	2	3	1	9	5	15	2
666	15	10	40	2.5	3	0.5	12	7	15	2
667	25	15	25	2.5	3	1	9	5	15	2
668	30	10	40	1.5	2	1	9	7	15	2
669	30	10	40	2	4.5	1.5	7	12	15	1
670	25	15	40	2.5	2	1	9	5	15	2
671	25	10	45	2.5	3	0.5	9	12	10	3
672	30	15	45	1.5	3	1	12	5	10	2
673	30	15	45	2.5	3	0.5	9	5	10	2
674	25	20	45	1.5	4.5	1	7	12	15	1
675	25	15	40	2.5	3	0.5	7	7	15	2
676	30	15	40	2.5	3	1	9	7	12	2
677	30	15	25	2	2	1	9	7	10	2
678	15	15	25	2	2	1	12	5	12	2
679	30	15	45	2	2	1.5	9	5	12	2
680	25	15	40	2.5	3	0.5	9	5	12	2
681	15	20	40	2	3	1	12	7	12	2
682	25	15	25	2	4.5	1	9	7	12	2
683	30	10	25	1.5	2	1.5	12	5	12	2
684	30	10	40	1.5	3	1.5	7	12	12	1
685	25	20	40	1.5	2	1	7	5	10	2
686	30	20	40	2	2	1.5	7	7	12	2
687	15	15	40	2	3	1	7	12	12	1
688	15	15	45	2.5	2	1	7	5	12	2
689	15	15	40	1.5	2	0.5	9	7	12	2
690	25	20	45	2.5	3	1	9	7	12	2
691	25	15	45	2	2	1	9	5	12	2
692	15	15	45	2.5	3	1.5	9	7	15	2
693	25	15	40	2.5	4.5	0.5	7	7	12	1
694	25	15	40	2	4.5	1	9	7	12	2
695	25	15	40	1.5	3	1.5	9	12	12	1
696	15	20	25	2	4.5	1	12	7	15	2
697	15	15	45	2	3	1.5	9	5	10	2
698	30	15	45	1.5	3	0.5	7	7	10	1
699	30	10	40	2	3	1.5	7	7	10	2
700	25	20	45	2.5	4.5	1.5	12	5	15	2
701	30	15	25	2	4.5	0.5	7	5	12	2
702	25	15	40	2	3	0.5	9	5	15	2
703	30	20	40	1.5	2	1	9	12	12	2
704	30	20	25	2	4.5	1.5	9	7	15	1
705	30	15	40	2	4.5	1.5	12	12	12	2
706	25	15	25	1.5	2	0.5	12	5	12	2
707	25	20	40	2	4.5	1	12	7	15	2
708	25	15	40	2	4.5	0.5	9	7	15	1
709	30	20	25	2.5	3	1	9	12	12	1
710	30	15	40	2	3	1	12	12	12	2
711	30	15	45	1.5	2	1	9	12	10	2
712	15	10	40	2.5	4.5	1	12	7	10	2
713	15	20	40	1.5	2	1	9	7	12	2
714	15	20	40	2	3	1.5	9	7	12	2
715	15	10	45	2	2	1	9	12	12	1
716	25	15	25	2	3	1	7	5	12	2
717	15	15	25	2	4.5	1.5	9	5	15	2
718	25	15	40	2	4.5	1.5	12	12	10	3
719	25	10	40	2.5	2	0.5	9	5	12	2
720	25	15	45	2.5	3	1	12	7	12	2
721	25	15	45	2.5	4.5	0.5	9	5	10	2
722	25	10	40	2.5	3	0.5	9	5	12	2
723	25	15	25	2.5	3	1	7	7	12	2
724	15	15	25	2	4.5	1	12	12	12	1
725	25	20	40	2	2	1	7	7	12	2
726	15	20	40	2	3	1	9	5	15	2
727	30	20	40	2.5	2	1	12	5	12	2
728	25	15	45	2.5	3	1	12	12	15	1
729	25	20	45	2	4.5	1	9	5	10	2
730	30	15	45	2	4.5	1	12	12	15	1
731	15	15	40	2.5	2	1	12	5	15	2
732	25	20	25	1.5	3	1.5	9	7	10	2
733	25	10	25	2	3	1	12	5	15	2
734	25	20	40	2	2	1	7	5	15	2
735	30	15	40	2.5	4.5	1	9	5	15	2
736	30	20	45	2.5	4.5	1	12	7	12	2
737	25	15	40	2	3	1	12	5	15	2
738	15	15	45	2	3	1	7	12	12	1
739	25	15	45	2	4.5	0.5	9	7	12	2
740	15	20	25	2.5	2	1	9	5	15	2
741	25	15	25	2.5	3	1	9	12	12	1
742	15	10	40	2	2	0.5	9	12	10	1
743	15	10	40	1.5	2	0.5	7	7	12	2
744	30	15	45	2.5	4.5	1	7	7	12	1
745	25	15	25	2	2	0.5	9	7	10	2
746	15	15	40	2.5	4.5	1	9	5	12	2
747	25	20	40	2	4.5	1	12	5	10	2
748	15	15	25	2	4.5	1.5	9	7	12	1
749	15	10	25	1.5	3	0.5	9	7	10	2
750	30	10	40	2	4.5	1	7	5	10	2
751	25	20	40	1.5	3	0.5	12	7	12	2
752	30	15	40	1.5	2	0.5	7	7	12	1
753	25	15	25	2.5	3	1	7	5	12	2
754	25	15	45	1.5	3	1	12	5	15	2
755	15	15	40	2	3	1	9	7	12	2
756	25	15	40	2	3	0.5	7	5	15	2
757	25	15	40	2	3	1	9	5	12	2
758	25	10	25	2	2	0.5	12	7	12	2
759	15	15	40	2	3	1	7	7	10	2
760	25	15	45	2	3	1.5	9	5	12	2
761	25	15	40	2	4.5	1	7	5	12	2
762	25	15	40	2	3	1.5	12	12	12	1
763	25	15	40	2	3	1.5	12	7	12	2
764	25	15	45	2.5	2	1.5	9	5	15	2
765	25	15	40	2	3	1.5	12	7	15	2
766	25	15	40	2.5	2	1.5	12	12	12	2
767	30	20	25	1.5	2	1	12	7	12	2
768	25	15	45	2.5	3	1.5	9	7	12	1
769	30	10	25	2	3	1	9	7	10	2
770	25	15	40	2	4.5	1	9	7	12	2
771	15	15	45	2.5	2	0.5	12	12	10	3
772	25	20	40	1.5	4.5	1	9	7	15	1
773	15	15	25	2	2	1.5	7	7	10	2
774	25	10	45	2.5	2	1	12	7	15	2
775	25	15	45	1.5	4.5	1	9	12	12	1
776	15	15	40	2	2	1	12	5	15	2
777	25	20	40	2	3	0.5	9	7	12	2
778	25	15	45	2	4.5	1	7	7	12	1
779	15	10	40	2	4.5	0.5	9	12	12	1
780	30	15	40	2	2	0.5	7	12	10	1
781	15	15	25	2	3	1	12	12	10	3
782	15	10	40	2	3	1.5	12	5	12	2
783	15	20	40	2	2	1	9	7	10	2
784	25	10	40	2	3	1	9	7	12	1
785	15	15	40	2	3	0.5	7	12	15	1
786	30	10	45	1.5	2	1	9	12	15	1
787	15	15	40	2	3	1.5	12	5	15	2
788	15	15	40	2	4.5	1	9	7	12	1
789	25	20	40	2	4.5	0.5	12	7	12	2
790	25	15	45	2	3	0.5	9	5	12	2
791	25	10	40	2	4.5	1	7	7	12	2
792	25	15	45	1.5	3	1	7	5	12	1
793	25	15	40	2	3	1	7	5	12	2
794	30	10	40	2	3	1	7	5	12	2
795	25	20	25	2	3	1	9	12	10	3
796	25	10	40	2	2	1	9	7	12	2
797	25	15	25	2.5	3	0.5	7	12	15	1
798	15	20	45	1.5	4.5	1	12	5	12	2
799	30	15	40	2	3	1	9	7	12	2
800	15	10	25	2	2	1	12	7	12	2
801	25	15	40	2	4.5	1	9	7	12	2
802	25	20	40	2.5	3	0.5	12	7	12	2
803	15	15	25	2.5	4.5	1	7	7	10	1
804	25	20	40	2	2	0.5	9	5	10	2
805	30	15	45	2.5	3	1	7	7	12	2
806	25	20	40	2.5	4.5	1	9	7	10	2
807	15	20	25	2	3	0.5	9	7	10	2
808	25	15	45	2.5	3	1	7	7	10	1
809	15	15	40	2.5	2	1	7	7	15	2
810	30	10	40	1.5	3	1	7	12	12	1
811	25	10	25	2.5	2	1	9	5	12	2
812	30	20	40	2	4.5	1	9	12	12	1
813	30	15	40	1.5	4.5	0.5	7	7	12	1
814	25	20	40	2.5	3	1.5	9	5	15	2
815	25	15	40	2	4.5	1	7	7	10	2
816	15	10	40	2	3	1	9	7	15	1
817	15	10	40	2	3	1	9	7	12	2
818	25	15	40	2	2	1	12	7	15	2
819	30	15	25	2	3	1.5	7	7	12	2
820	30	15	40	1.5	3	1	12	12	10	2
821	25	15	25	2.5	3	1	7	12	10	1
822	25	10	45	2	3	0.5	9	7	15	2
823	30	15	40	1.5	3	0.5	9	5	10	2
824	25	15	25	2.5	4.5	1	9	5	12	2
825	25	15	45	2	2	1.5	12	7	10	2
826	15	15	40	2	3	1.5	9	5	12	2
827	25	20	25	2.5	4.5	1	9	12	12	1
828	15	20	25	2.5	3	1	7	7	12	1
829	15	10	25	1.5	3	1.5	7	12	12	1
830	15	15	25	1.5	2	1	7	12	10	1
831	30	15	45	2	2	1.5	9	7	12	2
832	30	15	40	1.5	3	0.5	7	12	12	1
833	25	15	25	1.5	3	1	12	7	15	2
834	15	10	40	2.5	3	1.5	12	7	10	2
835	25	20	45	2	4.5	1	9	12	15	1
836	15	20	45	1.5	2	1	9	7	12	1
837	25	10	40	2.5	3	0.5	9	5	15	2
838	30	15	40	2.5	2	0.5	12	12	10	3
839	25	20	40	1.5	4.5	1	12	12	12	3
840	25	10	45	1.5	3	0.5	9	7	15	2
841	25	15	45	2.5	2	1	7	5	15	2
842	30	10	40	1.5	4.5	1	9	7	12	2
843	30	15	45	2.5	3	1	9	5	10	2
844	25	20	45	1.5	3	1.5	7	7	15	1
845	25	15	25	2	4.5	0.5	7	12	10	1
846	15	20	40	2	3	1	9	7	15	2
847	15	15	45	1.5	3	1	12	7	10	2
848	25	20	40	2	3	1.5	12	7	12	2
849	30	15	25	2	3	0.5	9	12	12	1
850	30	15	25	2	4.5	0.5	12	7	15	2
851	15	10	40	2	2	1	9	12	15	1
852	25	15	25	2.5	3	1.5	9	7	12	2
853	15	15	25	1.5	2	1	9	12	12	1
854	25	10	45	1.5	3	1.5	9	7	15	2
855	25	15	45	2	2	0.5	9	7	12	2
856	15	15	25	2.5	3	1	9	7	12	2
857	25	20	45	1.5	3	1	12	7	12	2
858	25	20	25	2	4.5	0.5	9	12	10	1
859	30	15	40	2	4.5	0.5	7	7	12	2
860	15	10	25	2	4.5	1.5	12	12	10	3
861	15	20	25	2.5	2	1.5	12	7	12	2
862	25	10	25	1.5	4.5	1	12	7	10	2
863	30	15	25	2	4.5	1.5	9	7	15	2
864	25	15	45	2.5	2	0.5	9	7	12	2
865	15	20	40	2	3	1	9	5	12	2
866	15	15	45	2.5	2	1	7	5	12	2
867	15	10	45	2.5	4.5	1.5	7	12	12	1
868	30	10	45	2.5	3	1	9	5	12	2
869	25	15	45	2	4.5	1	12	7	12	2
870	30	10	40	1.5	2	1.5	9	7	15	2
871	30	20	25	2	2	0.5	7	5	12	2
872	15	15	40	2	2	1	7	5	15	2
873	30	10	40	2.5	3	0.5	7	7	10	2
874	30	10	40	1.5	3	0.5	12	7	15	2
875	25	15	40	1.5	4.5	1	12	7	12	2
876	25	20	40	2.5	3	0.5	7	7	10	1
877	30	15	40	2	4.5	1.5	12	5	15	2
878	25	15	25	2	3	1	12	5	12	2
879	25	15	45	1.5	4.5	1	9	7	10	2
880	15	20	40	2	3	1	7	12	10	1
881	15	15	25	2.5	3	1	9	7	12	2
882	25	15	40	1.5	3	1	12	7	12	2
883	30	20	40	2	3	1	12	7	10	2
884	15	15	40	2	3	0.5	9	7	15	2
885	15	15	40	2	3	1	9	12	12	1
886	25	15	45	2	4.5	0.5	12	7	10	2
887	15	15	40	2	3	1.5	12	7	12	2
888	25	15	25	1.5	4.5	0.5	9	5	15	2
889	15	20	45	2	4.5	1	12	12	12	1
890	25	15	25	1.5	2	1.5	9	5	12	2
891	25	15	45	2.5	3	1	9	7	12	2
892	25	15	25	2	4.5	1.5	7	7	12	1
893	25	15	40	1.5	3	1	9	12	15	1
894	30	15	45	2.5	2	1	12	7	12	2
895	30	15	40	2.5	4.5	1	7	5	12	2
896	15	15	40	2.5	4.5	0.5	9	12	12	1
897	25	10	40	2.5	4.5	1	9	7	10	2
898	15	10	40	2	3	1	12	5	15	2
899	30	15	40	2.5	4.5	1	9	7	12	2
900	25	15	40	2	3	1.5	9	5	10	2
901	15	20	45	2.5	2	1	9	5	15	2
902	25	20	25	2	4.5	1	9	7	12	2
903	15	10	45	2	2	1	9	7	12	2
904	30	20	45	1.5	3	1	12	5	12	2
905	25	15	40	2	3	1	12	7	12	2
906	25	10	45	2	3	1.5	7	5	12	2
907	30	20	40	2.5	3	0.5	9	7	12	2
908	25	15	40	2.5	3	1	7	7	12	1
909	25	15	40	1.5	3	1	9	7	12	2
910	30	15	25	1.5	3	1	9	7	12	2
911	15	15	40	2.5	2	1	7	7	15	2
912	25	15	45	2.5	3	1	12	7	12	2
913	25	10	40	2	2	1	9	7	12	2
914	25	20	40	1.5	2	0.5	9	7	10	2
915	25	10	40	2.5	4.5	1.5	7	5	10	2
916	25	20	45	2	3	0.5	7	7	15	1
917	25	15	40	2	3	1.5	7	12	10	1
918	30	15	25	2	3	1	7	7	15	2
919	30	15	25	1.5	4.5	1	7	7	12	2
920	15	15	40	2	4.5	0.5	12	12	15	1
921	15	15	40	2	2	1	12	7	10	2
922	15	20	40	2.5	2	1	7	7	10	1
923	30	20	40	2.5	2	1.5	7	7	12	2
924	30	20	40	1.5	3	1	7	5	12	2
925	25	15	40	2	3	0.5	9	12	10	1
926	25	15	45	2	3	0.5	9	5	12	2
927	25	20	40	2	3	1	9	7	15	2
928	30	15	45	2	3	1.5	12	12	15	1
929	25	20	40	2.5	4.5	1.5	9	7	10	2
930	30	15	25	1.5	4.5	0.5	9	7	12	2
931	25	15	40	1.5	3	1.5	7	5	12	2
932	25	20	40	2	3	1	9	5	12	2
933	25	20	40	2.5	3	0.5	12	7	12	2
934	15	15	45	2	2	1	12	7	10	2
935	25	20	25	2.5	3	1	12	7	15	2
936	25	15	40	2	3	1	9	12	12	1
937	25	15	25	2	2	0.5	9	12	12	1
938	25	15	40	2	3	0.5	9	5	12	2
939	25	15	40	2	2	0.5	9	7	15	2
940	15	20	40	2.5	3	0.5	12	7	12	2
941	15	10	40	2.5	3	1.5	9	7	15	2
942	30	15	40	2.5	3	1	12	12	10	3
943	25	10	45	2	3	1	9	5	15	2
944	15	10	40	2	2	0.5	9	12	12	1
945	15	10	40	2	4.5	1	9	7	15	2
946	25	15	45	2	3	0.5	12	5	12	2
947	30	10	40	1.5	3	0.5	12	5	12	2
948	30	15	25	2	3	1	9	7	12	2
949	25	15	40	1.5	3	0.5	9	7	15	2
950	25	15	25	2	4.5	1.5	9	12	10	1
951	25	15	40	2	3	0.5	9	7	12	2
952	25	10	45	1.5	3	1	12	7	10	2
953	30	15	45	1.5	3	1	9	7	12	2
954	25	15	40	2	4.5	1.5	9	12	10	1
955	25	15	40	2.5	2	1	9	12	12	1
956	25	20	45	2	3	1	7	7	12	1
957	30	20	25	2	2	0.5	7	5	15	2
958	30	10	25	1.5	3	1.5	9	7	15	2
959	30	10	40	2.5	2	1.5	9	7	15	2
960	15	15	25	2.5	3	1	7	12	10	1
961	30	20	45	2	3	0.5	9	7	15	2
962	25	10	40	1.5	3	1	9	7	15	2
963	30	15	40	2	3	1	12	7	12	2
964	25	10	40	2.5	3	1	12	7	12	2
965	15	15	45	2.5	3	1	7	7	12	2
966	25	15	45	2	2	1	7	5	12	2
967	15	10	40	2	2	1.5	12	7	12	2
968	25	10	40	2.5	3	1	7	7	12	1
969	25	15	40	2	4.5	1.5	12	5	12	2
970	30	15	40	2	3	1	7	5	12	2
971	25	10	40	1.5	3	1	9	5	12	2
972	25	15	45	2	3	1.5	7	7	10	1
973	25	15	25	1.5	2	1	12	7	10	2
974	30	15	40	2	3	0.5	7	5	12	2
975	30	15	40	2	4.5	1.5	9	7	10	2
976	15	20	25	2	3	0.5	9	5	12	2
977	25	15	45	2	2	0.5	12	7	15	2
978	15	15	25	2	4.5	1	9	7	15	1
979	30	10	40	2.5	3	1.5	7	7	10	2
980	25	15	40	2.5	2	0.5	12	5	12	2
981	30	10	40	2	4.5	1.5	12	12	10	3
982	15	10	45	2.5	4.5	1	9	7	12	2
983	25	10	45	1.5	3	1	9	7	15	2
984	25	20	40	2	2	1	12	7	12	2
985	25	15	40	1.5	3	1.5	9	7	12	2
986	15	10	40	2	4.5	1.5	7	5	12	2
987	30	15	40	1.5	2	1	9	7	12	2
988	30	10	40	2	3	0.5	9	7	10	2
989	25	20	40	2	3	1	9	7	15	2
990	25	10	45	2	2	1.5	7	12	12	1
991	25	10	25	2	4.5	1.5	9	5	12	2
992	25	20	40	2	3	1.5	9	5	15	2
993	15	10	40	1.5	4.5	1.5	7	12	15	1
994	25	20	40	2	4.5	1.5	12	5	10	2
995	25	15	45	2	4.5	1	7	7	12	1
996	30	20	40	1.5	3	1.5	9	7	10	2
997	30	15	25	2	2	1	9	12	15	1
998	25	10	40	2	3	0.5	9	7	15	2
999	30	10	45	2.5	3	1	9	12	10	3
1000	25	10	25	2.5	4.5	1	7	7	12	1
1001	30	10	25	2	2	1.5	9	5	12	2
1002	25	15	40	2.5	4.5	1	12	5	10	2
1003	25	15	25	2.5	4.5	1	9	5	10	2
1004	15	20	40	2.5	2	0.5	9	7	12	2
1005	25	15	40	2.5	3	1.5	7	7	15	2
1006	15	15	25	2	4.5	1	9	7	15	2
1007	25	10	45	2	2	1	9	12	12	2
1008	25	10	25	1.5	2	0.5	9	7	10	2
1009	25	15	25	1.5	3	1.5	9	5	12	2
1010	25	15	40	1.5	2	1.5	9	5	10	2
1011	15	15	45	2	4.5	1.5	9	7	15	2
1012	25	10	25	2	3	1	9	12	15	1
1013	25	15	45	2.5	4.5	1	9	7	12	2
1014	15	10	40	2	3	0.5	7	7	15	1
1015	25	20	25	2	3	1	9	12	15	1
1016	30	20	40	2.5	3	0.5	7	7	12	1
1017	25	20	40	2	3	1	7	12	10	1
1018	25	10	40	2	2	0.5	9	12	15	1
1019	15	15	25	1.5	3	1.5	7	7	10	2
1020	25	10	40	2.5	3	1.5	9	5	12	2
1021	30	15	25	2	2	1	9	12	12	1
1022	25	15	40	2.5	4.5	0.5	12	12	12	3
1023	15	10	40	2	4.5	1.5	9	5	15	2
1024	25	20	40	1.5	2	0.5	9	7	15	1
1025	25	10	25	2	2	1	9	12	12	1
1026	15	15	25	2	4.5	1.5	7	5	12	1
1027	25	20	40	2	4.5	1.5	9	7	12	2
1028	25	20	40	2.5	4.5	1.5	12	7	15	2
1029	25	20	45	2	2	1	9	7	12	2
1030	25	10	40	2	4.5	1	9	12	10	1
1031	25	15	40	2.5	2	1	9	7	12	2
1032	25	15	25	1.5	2	1	7	7	15	1
1033	25	10	45	2	3	1.5	9	7	15	2
1034	30	20	25	2	4.5	0.5	12	7	10	2
1035	25	15	40	2.5	3	0.5	9	12	12	1
1036	30	10	45	2.5	3	1	9	12	15	1
1037	25	15	40	2	3	1	7	7	12	2
1038	25	15	40	2	2	1	9	5	10	2
1039	15	15	40	2	3	1	7	12	10	1
1040	15	15	40	2	3	1.5	9	7	12	1
1041	30	15	45	2.5	3	1	9	12	15	1
1042	25	20	40	2	3	1	9	7	12	2
1043	30	20	25	2.5	2	1	12	5	12	2
1044	15	15	40	2.5	4.5	0.5	7	7	12	1
1045	15	20	40	1.5	2	1	9	12	10	1
1046	25	20	40	2	3	1.5	7	12	12	1
1047	25	15	25	2.5	3	1	7	7	12	2
1048	30	15	45	2	2	0.5	7	7	15	1
1049	15	15	40	1.5	4.5	1	7	7	12	1
1050	15	10	25	2	4.5	0.5	7	5	15	2
1051	30	20	40	2	3	0.5	7	7	12	2
1052	30	15	45	2.5	3	1.5	9	5	12	2
1053	15	15	40	1.5	3	1	12	7	12	2
1054	25	15	45	2	4.5	1	9	7	12	2
1055	25	10	40	1.5	3	1	9	12	12	1
1056	15	20	40	2	3	1.5	12	12	10	1
1057	25	15	40	2.5	4.5	1	7	7	12	1
1058	25	15	25	2	3	0.5	7	7	15	1
1059	15	15	40	2	4.5	0.5	12	7	15	2
1060	25	20	40	2.5	3	1	12	7	12	2
1061	15	20	45	1.5	3	1.5	9	5	10	2
1062	30	15	45	2	4.5	0.5	12	5	12	2
1063	25	15	40	2	3	1.5	7	12	12	1
1064	15	10	40	2	2	1	7	7	12	1
1065	15	15	40	1.5	3	1	9	7	15	2
1066	15	15	45	2	3	1	9	5	12	2
1067	25	20	45	2	2	1.5	9	12	12	1
1068	25	20	45	2	3	1	7	12	15	1
1069	15	15	25	1.5	4.5	1	9	7	12	2
1070	15	10	40	2.5	3	1	7	5	12	2
1071	15	15	40	1.5	4.5	1.5	9	12	15	1
1072	15	10	40	1.5	2	1	7	5	12	1
1073	15	15	40	1.5	3	1	9	7	12	2
1074	30	20	45	2.5	3	0.5	9	7	12	2
1075	15	15	45	1.5	2	1	9	7	12	2
1076	25	15	25	2	2	1.5	12	7	15	2
1077	15	15	45	2	3	1	9	7	12	2
1078	15	15	40	2	3	0.5	7	5	12	2
1079	15	10	45	2.5	3	1	7	7	12	2
1080	30	15	45	1.5	3	1.5	12	7	12	2
1081	30	10	40	2.5	3	1	7	12	15	1
1082	30	15	40	1.5	3	1	12	7	15	2
1083	25	10	40	2.5	4.5	1	7	7	12	2
1084	30	20	25	1.5	3	1	12	5	10	2
1085	15	10	40	2	2	1	7	7	15	2
1086	25	15	40	2.5	3	1	9	12	10	1
1087	30	20	45	2	2	1	9	5	12	2
1088	25	10	45	2.5	3	1	12	7	10	2
1089	30	10	25	2	3	1.5	9	5	15	2
1090	25	15	25	2	4.5	1	9	5	12	2
1091	30	20	40	2	3	1	9	5	12	2
1092	25	15	40	2	3	1.5	9	12	12	1
1093	30	15	25	2	3	1.5	9	5	12	2
1094	30	10	40	2	4.5	1	7	7	15	1
1095	25	15	40	2	3	0.5	9	7	15	2
1096	30	15	40	2	2	0.5	7	12	12	1
1097	25	10	25	2	4.5	1.5	9	12	12	1
1098	25	15	25	2	3	1	7	12	10	1
1099	15	20	45	1.5	4.5	1.5	7	5	12	2
1100	15	10	25	1.5	3	0.5	7	7	12	1
1101	15	10	40	2.5	4.5	1.5	7	5	12	2
1102	25	15	45	2	3	0.5	9	12	10	1
1103	30	20	25	2	4.5	1	7	12	15	1
1104	30	15	40	2.5	3	0.5	7	12	10	1
1105	25	15	40	2	4.5	1	7	7	12	1
1106	15	20	25	1.5	3	1	7	7	15	1
1107	25	20	25	2	4.5	1	12	7	12	2
1108	15	10	40	2	3	1	9	7	15	2
1109	30	20	40	1.5	4.5	0.5	12	7	12	2
1110	25	10	45	2	2	1	9	7	12	2
1111	25	15	45	1.5	4.5	1	9	7	15	2
1112	15	10	40	2	2	1	9	7	12	2
1113	30	20	45	2	2	0.5	12	7	10	2
1114	15	10	45	2	3	0.5	9	7	15	2
1115	15	20	40	2	2	0.5	12	5	12	2
1116	25	10	45	2	3	0.5	12	7	15	2
1117	25	15	40	2.5	2	1	7	12	12	1
1118	25	15	45	2	3	1.5	9	5	10	2
1119	25	15	40	1.5	4.5	0.5	9	7	12	2
1120	30	20	45	2	4.5	0.5	9	7	12	1
1121	30	15	40	2	3	1.5	7	5	12	2
1122	30	15	25	2.5	2	0.5	9	7	10	2
1123	15	10	40	2.5	4.5	0.5	9	12	10	1
1124	30	10	25	2.5	4.5	1	12	7	12	2
1125	25	15	40	2	3	0.5	7	5	15	2
1126	15	10	40	2	3	1	7	7	15	1
1127	25	20	40	2.5	2	0.5	12	7	12	2
1128	25	15	40	2	3	1	9	5	12	2
1129	15	15	45	1.5	2	1.5	12	12	15	1
1130	30	15	25	1.5	4.5	1	9	5	10	2
1131	25	20	40	2	3	1.5	9	7	12	2
1132	25	20	40	2.5	3	0.5	12	5	10	2
1133	25	20	25	2.5	4.5	0.5	12	12	10	3
1134	25	15	25	2	3	1	9	7	12	2
1135	25	10	40	2.5	2	1.5	7	12	12	1
1136	15	15	40	1.5	2	1	12	7	10	2
1137	25	15	45	2.5	2	1	7	7	12	2
1138	15	10	40	2	3	0.5	12	5	10	2
1139	25	20	45	2	3	1.5	9	5	15	2
1140	30	15	40	1.5	2	0.5	9	5	12	2
1141	30	20	25	2	3	1	12	7	12	2
1142	15	15	45	2.5	3	0.5	7	7	10	1
1143	30	10	45	2	2	1.5	9	7	10	2
1144	15	10	40	2	3	0.5	7	12	15	1
1145	25	15	45	1.5	2	1	12	12	12	2
1146	25	10	40	2	3	1.5	9	7	12	2
1147	25	20	45	2	2	1	9	7	12	2
1148	30	15	45	2	4.5	0.5	9	5	12	2
1149	25	15	45	2	4.5	1	9	5	10	2
1150	25	20	40	2	3	1	9	7	10	2
1151	15	10	40	2.5	2	1.5	9	7	15	2
1152	25	15	45	2	2	1	12	7	10	2
1153	15	15	45	2	4.5	1.5	9	7	10	2
1154	15	15	45	1.5	3	1	9	5	12	2
1155	15	20	40	2	3	0.5	12	12	12	2
1156	15	15	45	2.5	2	1.5	7	7	12	1
1157	25	15	25	2	2	1.5	7	7	12	2
1158	25	10	40	2	3	1	9	5	12	2
1159	25	15	40	2	3	0.5	9	12	12	1
1160	15	15	40	2	3	1.5	9	7	10	1
1161	25	15	40	2.5	3	1	7	7	15	2
1162	25	10	40	1.5	4.5	1	9	7	12	2
1163	25	15	40	1.5	3	1	9	7	15	2
1164	15	15	40	2.5	3	0.5	9	7	12	2
1165	15	15	40	2	4.5	1	9	12	15	1
1166	15	20	25	2	3	1.5	9	5	15	2
1167	15	15	25	2.5	4.5	1	9	5	12	2
1168	25	20	25	2.5	2	1	12	5	12	2
1169	30	20	40	2	3	1	7	12	12	1
1170	30	15	25	2	3	1	9	5	15	2
1171	30	15	40	2.5	3	1	7	7	10	2
1172	25	15	40	1.5	4.5	1	7	5	12	1
1173	15	15	40	2.5	4.5	1	7	7	12	1
1174	25	15	40	1.5	2	1.5	12	12	15	2
1175	25	15	40	2	4.5	1	9	12	10	3
1176	30	15	40	2.5	4.5	1.5	9	12	12	1
1177	25	10	40	1.5	3	0.5	9	7	12	2
1178	30	15	40	2	4.5	1.5	12	7	15	2
1179	15	20	40	2.5	3	1	7	7	10	2
1180	25	20	25	1.5	2	0.5	9	7	10	2
1181	25	15	40	2	3	0.5	7	5	12	2
1182	15	10	45	1.5	4.5	1	7	7	15	1
1183	25	15	45	2	4.5	0.5	7	7	12	2
1184	25	15	40	2.5	3	1.5	7	7	10	1
1185	25	20	45	2	2	1	9	7	10	2
1186	15	15	40	2	3	1.5	7	7	10	1
1187	25	15	25	1.5	2	1.5	9	5	10	2
1188	15	15	25	1.5	3	1	9	7	12	1
1189	25	20	25	2	3	1	9	12	12	1
1190	25	20	45	2	3	1	7	12	10	1
1191	30	15	40	2.5	3	0.5	7	12	15	1
1192	25	20	40	2	3	1.5	9	7	15	1
1193	25	15	25	2.5	4.5	0.5	9	7	12	2
1194	25	15	40	2	3	0.5	12	7	10	2
1195	25	15	40	2	4.5	1	12	7	15	2
1196	15	15	25	2	2	1.5	12	12	12	1
1197	25	15	40	2	2	1	7	7	10	2
1198	25	15	25	2.5	4.5	1	9	7	15	2
1199	25	10	45	1.5	3	1	7	7	12	2
1200	25	15	45	1.5	4.5	1	9	5	10	2
1201	30	15	25	2.5	4.5	1	9	7	12	2
1202	15	15	25	2.5	4.5	0.5	7	5	12	1
1203	30	20	45	1.5	4.5	1	12	7	12	2
1204	15	15	45	2	4.5	1	9	7	12	1
1205	15	20	40	1.5	3	1	9	7	12	2
1206	30	20	25	2	3	1	9	5	12	2
1207	25	15	40	2	3	1	9	7	15	2
1208	25	15	40	2	3	1	9	7	15	2
1209	15	15	45	2	4.5	0.5	9	7	15	2
1210	25	20	25	2.5	2	1	7	7	15	2
1211	25	15	25	2	3	0.5	9	5	10	2
1212	30	15	40	1.5	3	1	9	7	12	2
1213	30	10	40	1.5	3	1.5	7	12	12	1
1214	25	15	40	2	3	0.5	9	12	15	1
1215	30	15	25	2	4.5	1	9	7	12	3
1216	30	20	45	2	3	1	12	7	15	2
1217	15	10	40	2	2	0.5	7	7	10	2
1218	30	15	40	2.5	2	1	9	7	12	2
1219	15	10	45	2.5	3	1.5	12	12	12	2
1220	25	20	25	2	3	1	12	7	12	2
1221	25	20	40	2	2	1	12	5	15	2
1222	15	20	40	2	3	1	9	5	12	2
1223	25	10	25	1.5	2	0.5	9	5	10	2
1224	30	15	25	1.5	4.5	1	12	7	10	2
1225	25	10	40	2.5	3	1	7	12	10	1
1226	25	15	45	1.5	3	1.5	7	7	10	1
1227	15	15	40	1.5	4.5	1	9	12	12	1
1228	30	15	25	2	2	1	9	7	15	2
1229	25	20	25	2	2	1	12	12	12	3
1230	25	15	45	2	3	0.5	9	5	12	2
1231	25	15	25	1.5	3	1.5	9	7	15	2
1232	25	10	40	2.5	3	1	9	7	12	2
1233	25	20	25	2.5	2	1	9	7	12	2
1234	15	10	45	2.5	3	1.5	9	7	10	2
1235	30	20	25	2	4.5	0.5	7	5	12	2
1236	25	20	40	2	2	1	12	12	15	1
1237	25	15	40	1.5	3	1	9	7	12	2
1238	30	15	45	2	3	1.5	12	5	12	2
1239	30	15	40	2	2	1.5	9	5	15	2
1240	15	20	25	2.5	3	1.5	12	7	12	2
1241	30	15	25	2	4.5	1	7	12	12	1
1242	25	20	25	2	3	1.5	9	5	15	2
1243	25	20	40	2.5	3	0.5	9	7	15	2
1244	30	20	45	1.5	4.5	0.5	9	7	12	1
1245	15	15	45	2	3	1	12	7	12	2
1246	15	20	45	2	2	0.5	9	5	15	2
1247	30	15	25	1.5	4.5	0.5	12	7	10	3
1248	25	15	25	2	3	0.5	12	12	12	1
1249	25	20	45	2.5	3	1	7	5	12	2
1250	25	20	25	2	3	0.5	7	12	12	1
1251	30	15	45	1.5	3	1	9	7	12	2
1252	15	20	40	2	3	1.5	12	5	15	2
1253	15	15	40	2.5	2	0.5	9	12	12	1
1254	30	10	40	1.5	3	1.5	9	7	10	2
1255	25	15	25	2	4.5	1	12	7	12	2
1256	30	10	45	2	3	0.5	9	5	12	2
1257	15	15	25	2	4.5	0.5	9	7	12	2
1258	30	10	40	2	2	1	9	7	15	2
1259	30	15	40	2	4.5	0.5	12	7	12	2
1260	25	20	45	2	4.5	1.5	9	7	10	1
1261	15	10	45	1.5	2	1.5	9	5	12	2
1262	15	15	40	2	2	0.5	12	7	12	2
1263	15	10	40	2	2	1.5	9	7	12	2
1264	15	15	45	2.5	3	1	12	5	12	2
1265	30	10	45	2	4.5	0.5	12	5	12	2
1266	15	10	40	1.5	3	1	9	7	10	2
1267	25	10	40	2	3	1.5	7	7	12	2
1268	15	10	40	2	3	0.5	9	7	10	2
1269	25	10	25	2.5	3	1	12	7	12	2
1270	25	10	45	1.5	4.5	1.5	7	12	10	1
1271	15	20	25	2	2	1.5	9	7	10	2
1272	15	10	40	2.5	2	0.5	7	7	12	1
1273	30	15	45	2.5	3	1.5	9	5	12	2
1274	25	15	40	1.5	3	0.5	7	5	10	2
1275	25	20	40	1.5	4.5	1.5	7	5	15	2
1276	30	15	40	2.5	3	0.5	9	7	15	2
1277	25	15	25	1.5	4.5	1	7	7	10	1
1278	25	15	25	2.5	2	0.5	9	7	10	2
1279	15	20	45	2	4.5	0.5	9	7	10	3
1280	30	10	40	2.5	2	1.5	7	12	15	1
1281	15	15	25	2	3	0.5	9	7	15	2
1282	25	15	45	2	2	1	7	7	12	2
1283	25	20	40	2.5	3	1	12	5	15	2
1284	25	15	25	1.5	3	1	12	7	15	2
1285	15	15	45	1.5	3	0.5	9	5	10	2
1286	25	15	40	2.5	3	1	7	5	15	2
1287	15	15	40	1.5	4.5	0.5	12	7	10	2
1288	30	10	40	2	3	1.5	9	12	12	1
1289	25	15	40	2	3	1	9	7	10	2
1290	15	15	40	2	3	1	7	7	10	1
1291	25	10	45	2.5	3	1	9	5	12	2
1292	25	15	40	2.5	3	1	9	7	15	2
1293	25	10	25	2.5	3	1	9	7	10	2
1294	30	10	25	2	3	1.5	12	12	12	2
1295	25	10	45	2	3	1	9	7	12	2
1296	30	20	40	1.5	4.5	1.5	7	7	12	1
1297	30	15	40	2.5	3	1.5	12	5	15	2
1298	30	20	25	2	3	1	12	7	10	2
1299	30	20	25	2.5	2	1.5	7	7	15	2
1300	25	15	25	2	4.5	1	7	5	12	1
1301	25	20	40	2	4.5	1	9	7	12	2
1302	25	15	40	1.5	3	1	9	7	15	2
1303	25	10	40	2	3	1.5	12	7	15	2
1304	15	10	25	2	4.5	0.5	12	5	12	2
1305	15	15	40	1.5	3	1	9	7	10	2
1306	30	15	45	2	4.5	1	12	7	10	2
1307	25	15	40	2.5	3	0.5	9	5	15	2
1308	25	15	40	1.5	3	1	9	7	12	2
1309	25	15	40	1.5	4.5	1.5	12	5	12	2
1310	25	10	25	2	4.5	1.5	9	7	10	2
1311	30	15	40	1.5	2	0.5	9	7	15	2
1312	15	10	40	2.5	2	1.5	7	5	10	1
1313	25	20	40	1.5	4.5	1	12	12	15	1
1314	25	15	40	2	3	0.5	9	5	12	2
1315	25	15	45	2	3	1	9	5	10	2
1316	25	20	45	2	3	1	9	12	12	1
1317	30	10	45	2	3	1	7	12	12	1
1318	25	20	45	1.5	3	1	7	7	12	1
1319	30	20	45	1.5	4.5	1.5	9	7	12	2
1320	30	15	40	2.5	4.5	0.5	9	5	12	2
1321	15	10	25	1.5	2	1	12	12	10	3
1322	30	15	25	2	2	0.5	12	12	10	3
1323	25	20	45	2.5	3	1	12	5	12	2
1324	25	10	40	2.5	3	1	7	5	10	2
1325	25	15	40	2	3	1	9	5	10	2
1326	15	20	40	2.5	2	0.5	9	12	12	1
1327	15	15	25	2.5	2	1	12	7	10	2
1328	25	10	25	2	4.5	1.5	7	7	10	1
1329	30	15	25	2	3	1	9	7	15	2
1330	25	15	45	1.5	4.5	1	9	7	12	1
1331	25	20	25	2	4.5	1	9	12	15	1
1332	25	10	40	1.5	4.5	1	7	7	15	1
1333	15	10	45	2.5	3	1	12	12	10	3
1334	25	15	40	2	3	0.5	12	5	12	2
1335	25	15	40	1.5	3	0.5	7	7	12	2
1336	15	10	40	2	4.5	1	12	12	12	1
1337	25	20	40	2.5	3	1	7	12	12	1
1338	25	20	40	1.5	3	0.5	12	7	15	2
1339	30	10	45	2	4.5	0.5	12	7	12	2
1340	25	15	40	2	3	1	9	12	12	1
1341	15	20	40	1.5	3	1	9	5	12	2
1342	25	10	40	1.5	4.5	1	9	12	12	1
1343	25	20	40	1.5	2	0.5	9	7	12	2
1344	25	10	25	2	3	0.5	9	5	15	2
1345	15	15	25	2.5	3	1.5	7	7	12	1
1346	15	20	45	2	4.5	0.5	12	12	12	1
1347	30	10	25	1.5	3	0.5	7	7	12	2
1348	15	15	40	2	3	1	9	7	12	1
1349	25	15	40	2.5	4.5	1	9	7	12	2
1350	25	15	45	2	3	0.5	7	7	12	1
1351	25	15	25	1.5	2	1.5	7	7	12	2
1352	15	15	25	2	3	0.5	7	12	12	1
1353	25	15	40	2	3	1	12	7	12	2
1354	25	10	40	1.5	4.5	1	7	5	12	2
1355	25	15	40	1.5	2	1	12	12	12	2
1356	15	15	45	1.5	3	1.5	9	5	15	2
1357	25	15	40	2	2	1	12	12	12	2
1358	25	10	40	2	4.5	1	12	5	10	2
1359	25	20	40	2	3	1	9	5	15	2
1360	25	10	40	2	3	1	12	12	12	1
1361	25	15	45	2	2	0.5	9	5	10	2
1362	30	15	40	1.5	3	1	12	7	12	2
1363	30	15	40	2	3	1	9	12	15	1
1364	25	15	40	1.5	3	1	7	12	12	1
1365	25	15	25	2	3	1.5	7	12	15	1
1366	15	15	45	2	3	1.5	12	12	12	1
1367	25	10	40	2	3	0.5	9	5	12	2
1368	30	10	25	1.5	4.5	1	7	5	15	1
1369	30	20	25	2	4.5	0.5	7	12	10	1
1370	25	15	40	1.5	2	1	7	12	12	1
1371	15	15	40	1.5	3	1	9	7	12	2
1372	25	15	40	2	3	0.5	7	5	15	2
1373	30	20	25	2	3	1.5	9	12	10	3
1374	15	20	40	2.5	3	1	7	7	10	1
1375	25	10	40	2.5	3	1.5	7	7	12	2
1376	30	15	25	2	4.5	0.5	9	7	12	1
1377	15	10	25	1.5	3	1	7	7	10	1
1378	25	15	40	1.5	3	1	9	5	12	2
1379	15	10	45	1.5	3	1	12	12	12	2
1380	25	10	25	1.5	3	0.5	9	12	15	1
1381	25	10	40	2.5	3	1.5	9	7	12	2
1382	15	15	40	2	4.5	1.5	9	7	12	1
1383	15	10	40	1.5	2	0.5	7	7	15	2
1384	25	15	40	1.5	2	1	9	7	15	2
1385	30	10	40	2.5	4.5	0.5	7	7	15	2
1386	25	10	25	2.5	3	1	9	7	12	2
1387	25	15	40	2	4.5	1	7	7	15	2
1388	15	20	40	2	2	0.5	9	5	10	2
1389	25	10	45	2.5	4.5	1	7	7	10	2
1390	30	15	45	2.5	2	1	12	7	10	2
1391	25	10	40	2	3	1.5	12	5	15	2
1392	15	20	40	2.5	3	1	9	5	15	2
1393	25	10	45	2.5	4.5	1	12	7	12	2
1394	25	15	40	2.5	4.5	0.5	7	12	10	1
1395	15	20	25	1.5	4.5	0.5	12	7	10	3
1396	25	10	45	1.5	3	1.5	9	5	15	2
1397	25	15	40	2.5	4.5	0.5	9	7	10	2
1398	30	15	25	2	3	1	7	7	10	2
1399	25	15	45	2.5	2	1	9	12	15	2
1400	25	20	25	2	2	1	9	5	12	2
1401	25	15	45	1.5	3	1	9	7	15	2
1402	25	10	25	1.5	3	1.5	12	7	12	2
1403	25	15	45	2	2	0.5	7	5	15	2
1404	25	10	45	2	4.5	1.5	12	12	10	2
1405	25	10	45	1.5	4.5	1	12	5	12	2
1406	30	15	40	1.5	2	0.5	12	12	10	3
1407	30	15	25	2	3	1.5	12	7	15	2
1408	25	15	25	1.5	4.5	1	7	7	15	1
1409	25	15	40	2	2	1.5	9	7	15	2
1410	30	15	40	2	2	0.5	12	12	12	2
1411	25	20	40	2.5	3	1	7	12	15	1
1412	25	20	40	2	2	1.5	12	12	10	1
1413	25	20	25	1.5	4.5	1	7	7	12	1
1414	25	20	40	2.5	2	1	12	7	10	2
1415	30	10	40	2	2	1	12	5	12	2
1416	15	20	25	2	2	0.5	7	7	12	1
1417	30	15	45	1.5	3	1	9	5	15	2
1418	25	20	40	2	4.5	1.5	9	7	10	1
1419	30	20	25	2	2	1	7	7	12	2
1420	25	15	45	2	4.5	1	9	5	12	2
1421	25	20	40	1.5	4.5	1.5	9	7	12	2
1422	30	10	25	2	4.5	1	7	7	10	1
1423	25	15	40	2	2	1.5	7	7	10	2
1424	15	10	40	1.5	3	0.5	12	12	15	1
1425	25	15	40	2	3	1	9	7	12	2
1426	30	10	40	2	3	0.5	9	7	12	2
1427	25	20	45	1.5	2	0.5	12	12	10	3
1428	15	15	40	2	3	1	9	5	15	2
1429	30	15	45	2	2	0.5	9	7	12	2
1430	25	20	25	2	4.5	1	9	12	12	1
1431	25	10	25	2	3	1.5	9	7	12	2
1432	30	10	25	2.5	3	1	9	7	12	2
1433	25	15	45	2.5	3	1	7	5	12	2
1434	25	15	40	1.5	3	1.5	12	7	10	2
1435	30	15	40	2	3	1	7	12	10	1
1436	25	15	40	2	4.5	1	9	12	12	1
1437	15	20	40	2.5	4.5	0.5	7	12	10	1
1438	30	15	45	1.5	3	0.5	12	7	12	2
1439	30	10	25	2	3	1.5	9	12	12	3
1440	15	15	40	2	2	1.5	9	7	10	1
1441	15	20	40	1.5	3	1	9	5	15	2
1442	30	15	25	2	3	0.5	7	7	10	1
1443	30	20	40	2	3	1	12	12	15	2
1444	25	15	25	1.5	3	1	7	12	10	1
1445	30	15	40	2	3	1	9	12	12	1
1446	25	15	40	1.5	4.5	0.5	9	7	15	2
1447	25	10	45	2.5	2	1	9	12	15	2
1448	25	15	45	2.5	3	1	9	7	15	2
1449	25	15	40	2	3	1.5	9	7	15	2
1450	25	15	25	1.5	2	0.5	12	7	15	2
1451	25	15	25	2.5	3	1	12	5	12	2
1452	15	20	25	2	3	1.5	7	12	12	1
1453	25	20	40	2	4.5	1.5	12	7	10	2
1454	25	15	45	1.5	4.5	1	9	7	12	2
1455	30	15	40	2.5	3	1	9	7	15	2
1456	15	15	40	2	2	1	9	7	12	1
1457	30	10	45	2	4.5	1.5	9	7	12	2
1458	15	10	40	2	3	1	12	7	12	2
1459	25	10	45	2	2	0.5	9	12	12	1
1460	30	15	45	2.5	3	0.5	9	12	12	1
1461	30	15	40	2.5	3	0.5	9	7	10	2
1462	15	15	40	2	3	1	7	7	15	1
1463	25	20	40	2.5	3	1.5	9	5	15	2
1464	15	20	40	2.5	2	1.5	9	12	10	1
1465	25	15	45	1.5	2	0.5	12	12	15	2
1466	30	10	40	2	3	1	12	12	12	2
1467	15	15	40	1.5	3	0.5	7	7	12	2
1468	15	20	45	2.5	4.5	1.5	12	7	12	2
1469	25	15	40	2	2	1.5	9	7	12	2
1470	30	20	25	1.5	2	1	9	7	10	2
1471	25	20	45	2	3	1	9	7	12	2
1472	15	10	40	2	3	1.5	12	7	10	2
1473	15	20	40	2	4.5	1.5	9	12	15	1
1474	25	15	40	2	2	0.5	7	7	12	2
1475	25	15	25	2	2	1.5	9	7	12	2
1476	30	15	40	1.5	4.5	1.5	7	7	15	1
1477	30	10	25	2	3	0.5	9	12	15	1
1478	25	15	25	2	3	1	12	5	12	2
1479	15	20	25	2	2	1	9	7	10	2
1480	30	10	45	2	3	1	9	12	10	1
1481	30	15	40	2.5	2	1	12	12	12	2
1482	30	10	45	2.5	3	1	12	7	12	2
1483	30	15	40	2	2	1	7	5	12	2
1484	25	20	40	2	4.5	1	9	7	12	1
1485	25	15	45	2	2	0.5	7	7	12	2
1486	30	15	25	2	3	0.5	9	7	15	2
1487	30	15	45	2	2	0.5	9	7	12	2
1488	25	10	40	2.5	4.5	1	7	12	10	1
1489	15	15	40	2	2	0.5	7	7	10	2
1490	25	20	40	2	3	1.5	9	7	10	2
1491	30	10	40	2.5	2	1.5	9	7	10	2
1492	30	20	45	2	3	1.5	12	12	12	1
1493	25	10	40	2	3	0.5	9	5	15	2
1494	25	15	45	1.5	4.5	1	9	5	12	2
1495	25	10	40	2	4.5	1	12	12	10	3
1496	25	10	40	2.5	4.5	1.5	9	5	10	2
1497	25	10	40	2	2	1	7	12	10	1
1498	25	15	40	1.5	3	0.5	7	7	12	1
1499	30	15	40	1.5	3	1	7	5	12	2
1500	15	15	25	2.5	4.5	1	7	12	12	1
1501	30	20	25	2.5	2	1.5	7	7	10	2
1502	30	15	25	2	2	1	12	7	15	2
1503	25	20	40	1.5	4.5	1	9	12	12	1
1504	15	15	45	2	2	0.5	9	5	12	2
1505	25	10	45	2	4.5	0.5	9	7	10	2
1506	25	20	45	2	4.5	0.5	7	12	12	1
1507	15	15	25	2	4.5	1	12	5	10	2
1508	25	20	40	1.5	2	0.5	9	7	15	2
1509	25	15	40	2	2	1.5	9	7	12	2
1510	30	20	25	2	3	0.5	9	7	10	2
1511	30	15	25	2.5	3	1.5	9	7	15	2
1512	25	20	40	2	3	1.5	9	12	12	1
1513	15	15	40	1.5	4.5	0.5	12	7	12	2
1514	25	15	45	2.5	2	1	12	5	12	2
1515	15	15	45	2	2	0.5	7	5	10	2
1516	25	10	25	2	3	1.5	7	7	15	1
1517	15	10	45	2.5	2	1.5	12	12	12	2
1518	15	15	45	2.5	2	1.5	9	7	15	2
1519	25	15	45	2	3	1.5	9	7	15	2
1520	15	20	25	2	2	0.5	12	7	12	2
1521	30	20	25	2	2	1	12	7	15	2
1522	15	15	25	2	4.5	1.5	9	5	15	2
1523	15	20	40	2.5	2	1.5	9	12	15	1
1524	15	15	25	2.5	2	0.5	7	7	12	1
1525	25	15	25	2	4.5	0.5	7	5	12	2
1526	25	20	40	2.5	3	1	9	7	10	2
1527	30	10	40	2.5	3	1.5	12	12	15	2
1528	15	15	25	2	4.5	0.5	12	12	12	1
1529	25	20	40	2	3	1.5	7	7	12	2
1530	25	20	40	2.5	3	1.5	9	12	10	1
1531	25	10	25	1.5	3	1.5	9	7	12	2
1532	25	15	45	2.5	4.5	1.5	7	7	12	1
1533	25	15	25	2	3	0.5	9	5	15	2
1534	15	15	40	2.5	3	1	9	12	12	1
1535	25	10	45	2	2	1	9	7	12	2
1536	25	10	40	1.5	4.5	0.5	9	7	12	1
1537	25	15	25	1.5	2	1.5	7	5	12	2
1538	25	20	25	2	3	1.5	7	12	12	1
1539	30	10	40	2	3	1	9	5	12	2
1540	15	20	25	2	3	0.5	9	7	15	1
1541	30	10	25	2.5	2	1	9	5	15	2
1542	25	15	40	2.5	3	1.5	9	12	12	1
1543	25	15	25	2	3	0.5	12	5	12	2
1544	15	15	40	1.5	2	1.5	7	7	15	1
1545	25	10	25	2.5	4.5	1.5	7	7	12	1
1546	25	10	40	2	3	1	12	5	10	2
1547	15	10	40	2.5	4.5	1.5	7	7	10	2
1548	15	15	45	2	2	0.5	9	7	12	2
1549	25	15	40	2	3	0.5	7	7	10	2
1550	25	15	25	2	3	0.5	12	7	12	2
1551	25	20	25	1.5	3	1.5	9	12	12	1
1552	30	15	45	2	3	1	7	7	12	1
1553	25	10	45	1.5	4.5	0.5	9	7	10	2
1554	30	10	40	2.5	3	1	12	7	10	2
1555	25	10	45	2.5	3	0.5	12	7	12	2
1556	30	10	40	2	4.5	1	9	7	15	2
1557	15	15	25	1.5	3	0.5	7	7	10	1
1558	25	20	45	2	3	0.5	12	7	12	2
1559	30	10	25	2.5	2	0.5	9	5	10	2
1560	25	20	25	1.5	3	1	9	7	15	1
1561	25	20	45	2	2	1.5	12	7	15	2
1562	25	15	40	2	4.5	1	7	7	12	1
1563	15	15	25	2	3	0.5	9	7	12	2
1564	25	20	45	2	4.5	1.5	12	5	15	2
1565	15	20	40	2	3	0.5	9	7	15	2
1566	15	20	40	2	2	1	9	7	12	2
1567	30	20	40	1.5	3	1	12	7	15	2
1568	25	10	40	2	4.5	0.5	9	7	12	1
1569	30	15	25	2.5	3	1	7	12	10	1
1570	15	10	25	1.5	3	1	12	7	15	2
1571	30	10	45	2.5	4.5	1	7	5	15	2
1572	15	15	40	1.5	4.5	1	9	12	12	1
1573	15	20	45	1.5	2	0.5	9	12	12	1
1574	30	15	40	2	3	1	7	7	15	2
1575	25	10	40	2	3	1	7	7	10	2
1576	25	15	40	2	2	1	12	7	10	2
1577	25	15	45	2	3	0.5	9	7	15	2
1578	15	10	25	2	4.5	0.5	7	5	15	1
1579	25	20	40	2	2	0.5	9	7	12	2
1580	30	15	40	2.5	3	1	9	7	12	2
1581	15	20	45	2.5	3	1	12	5	12	2
1582	15	15	40	1.5	4.5	1.5	7	7	15	1
1583	15	15	40	2	3	1	7	12	12	1
1584	25	15	45	2.5	4.5	1	9	5	12	2
1585	25	20	45	2.5	4.5	1	9	12	12	1
1586	15	15	40	2	3	1.5	9	7	12	2
1587	15	15	40	1.5	3	1	7	7	15	1
1588	25	20	45	2	3	1	12	5	10	2
1589	25	15	40	1.5	4.5	1.5	9	7	12	2
1590	30	10	25	2	3	1	12	7	12	2
1591	25	20	25	2	3	0.5	9	12	15	1
1592	25	15	45	2	3	0.5	7	5	12	2
1593	15	15	40	2.5	3	0.5	12	7	12	2
1594	15	15	45	2	2	0.5	7	12	12	1
1595	15	10	40	2.5	2	1.5	9	7	15	2
1596	30	15	40	2	3	0.5	9	12	12	1
1597	15	20	25	2.5	2	1.5	9	5	10	2
1598	30	15	25	2	3	1	12	5	12	2
1599	30	10	40	2.5	3	0.5	12	7	10	2
1600	30	20	45	2	2	1.5	9	7	15	1
1601	15	10	40	1.5	4.5	1	9	7	12	2
1602	15	15	40	2	3	0.5	9	7	12	2
1603	25	10	25	2.5	4.5	0.5	9	5	12	2
1604	25	15	40	2.5	2	0.5	9	12	15	1
1605	25	15	40	2	3	1	12	12	12	2
1606	15	15	40	2	4.5	1.5	9	7	15	1
1607	25	10	25	1.5	4.5	1	12	7	15	2
1608	25	15	40	2.5	4.5	1	7	7	15	1
1609	25	15	45	1.5	4.5	1.5	9	5	12	2
1610	30	10	40	1.5	2	1	7	7	12	2
1611	25	15	40	1.5	3	1.5	7	12	12	1
1612	30	15	40	1.5	3	1.5	7	7	10	1
1613	15	20	25	2	4.5	1.5	9	5	15	2
1614	15	20	40	2	4.5	1	12	12	12	1
1615	25	15	25	2	3	1	12	7	15	2
1616	25	10	25	1.5	4.5	1	9	5	12	2
1617	30	20	25	2.5	4.5	0.5	12	7	12	2
1618	25	15	40	1.5	2	1	12	5	12	2
1619	15	10	25	2	4.5	1.5	7	12	15	1
1620	25	20	40	2	4.5	0.5	12	7	10	2
1621	15	20	25	1.5	3	1	12	12	10	3
1622	25	20	25	2	4.5	0.5	9	5	12	2
1623	25	20	40	1.5	3	1.5	9	12	15	1
1624	25	15	25	2	2	1	12	12	10	2
1625	30	15	40	2.5	2	1	9	7	12	2
1626	15	10	40	2	4.5	1	9	12	10	1
1627	30	15	40	2	3	1	7	5	15	2
1628	30	15	40	2	2	1	9	12	12	1
1629	25	15	45	1.5	2	0.5	9	7	10	2
1630	15	15	40	2.5	2	1	9	12	12	1
1631	25	15	40	2	4.5	1	7	5	15	2
1632	25	10	40	1.5	3	1	9	12	12	1
1633	25	15	25	2	4.5	1	12	12	10	3
1634	25	20	40	2.5	2	1.5	9	12	10	1
1635	15	15	40	2	3	0.5	12	12	15	2
1636	15	15	40	1.5	3	1.5	12	12	12	1
1637	15	15	25	2.5	3	1	7	5	10	2
1638	25	10	40	2	4.5	1	12	7	10	2
1639	30	15	25	2.5	3	0.5	12	5	15	2
1640	30	10	40	2.5	2	1.5	12	5	12	2
1641	25	10	25	2	3	1	9	12	15	1
1642	25	10	40	2.5	2	0.5	12	12	15	2
1643	25	20	25	2.5	3	0.5	9	5	12	2
1644	25	15	25	2	3	1	7	7	12	1
1645	15	10	40	2.5	2	1	9	7	12	2
1646	25	10	40	2.5	2	1.5	9	5	12	2
1647	25	20	40	1.5	4.5	1	12	7	12	2
1648	25	10	25	2.5	3	1	9	12	12	1
1649	30	10	40	2	2	0.5	7	12	15	1
1650	15	10	25	1.5	2	1.5	7	7	15	1
1651	25	15	45	1.5	2	0.5	9	7	12	2
1652	15	15	40	2.5	2	1.5	9	5	10	2
1653	25	15	40	1.5	4.5	1.5	9	12	10	1
1654	25	15	40	2	4.5	1.5	7	7	10	1
1655	25	15	40	1.5	4.5	1	12	7	12	2
1656	15	15	40	1.5	3	0.5	12	7	10	2
1657	25	15	40	2.5	3	1.5	9	7	12	2
1658	25	20	25	2.5	3	0.5	9	7	12	2
1659	15	15	25	2	3	1	9	7	12	2
1660	15	20	25	2.5	4.5	1	12	7	15	2
1661	30	15	40	2.5	2	1	12	7	15	2
1662	15	10	45	2	3	1	7	7	10	1
1663	30	20	40	1.5	2	1	7	5	12	2
1664	25	20	40	2	3	1.5	7	12	12	1
1665	25	20	40	2.5	3	0.5	9	12	12	1
1666	30	10	45	1.5	4.5	1.5	9	5	15	2
1667	25	15	25	1.5	2	1	12	7	10	2
1668	15	15	40	2	2	0.5	12	7	12	2
1669	30	10	45	2.5	4.5	1	12	12	15	2
1670	25	15	40	2	3	0.5	9	7	10	2
1671	25	15	40	1.5	2	1	12	7	10	2
1672	25	15	45	2.5	4.5	1	12	7	12	2
1673	25	15	25	1.5	4.5	0.5	9	7	12	2
1674	25	20	45	1.5	2	0.5	12	12	12	1
1675	25	10	40	2	3	1.5	9	5	15	2
1676	25	15	40	1.5	3	1.5	7	7	10	1
1677	15	15	45	1.5	2	1.5	7	5	12	2
1678	30	15	40	2	4.5	1	7	12	12	1
1679	30	15	40	2	2	1.5	9	5	15	2
1680	25	20	45	1.5	3	0.5	12	7	12	2
1681	25	10	40	2	2	1	9	7	12	2
1682	25	10	25	1.5	2	0.5	9	7	10	2
1683	15	15	40	2	4.5	1	9	7	12	2
1684	15	15	40	2	2	0.5	7	7	12	1
1685	15	15	40	2	3	0.5	7	7	10	1
1686	25	20	25	2	3	1.5	12	7	12	2
1687	30	20	40	1.5	3	0.5	9	7	15	2
1688	15	15	45	2	3	1.5	12	12	10	1
1689	25	10	40	2.5	3	1.5	12	12	15	2
1690	25	20	25	2	4.5	0.5	12	7	12	2
1691	25	10	45	2	3	1	9	7	12	2
1692	25	10	25	2	3	1	9	7	15	2
1693	15	10	40	2.5	4.5	1	7	7	10	1
1694	25	15	25	2.5	4.5	0.5	7	7	12	1
1695	25	15	45	2.5	2	1.5	7	5	10	2
1696	15	10	40	1.5	4.5	0.5	9	12	15	1
1697	25	20	40	1.5	4.5	1	9	5	12	2
1698	25	20	40	1.5	3	1.5	9	5	12	2
1699	25	20	25	2.5	3	1.5	12	7	12	2
1700	30	15	45	1.5	3	0.5	7	7	10	1
1701	25	15	40	2	4.5	1.5	12	7	12	2
1702	25	15	45	1.5	3	1.5	9	7	10	2
1703	15	20	25	2	3	1.5	9	7	12	2
1704	15	15	45	1.5	3	1	7	12	15	1
1705	30	10	45	2	4.5	1	7	5	12	2
1706	30	15	45	2	3	1	9	12	12	1
1707	25	15	40	1.5	3	0.5	12	7	12	2
1708	25	10	25	2	3	1	9	7	10	2
1709	15	15	40	2	3	0.5	9	7	12	2
1710	15	15	25	1.5	2	1	7	12	15	1
1711	15	15	40	1.5	3	1	9	7	12	2
1712	15	20	40	2	4.5	1	9	5	10	1
1713	25	20	40	1.5	3	1.5	9	7	15	2
1714	15	15	40	2	3	1	7	5	15	2
1715	30	10	40	2	4.5	1	7	7	15	2
1716	25	15	40	2	3	1	7	12	15	1
1717	25	15	25	2	2	1.5	9	7	15	2
1718	30	15	45	2	2	1	9	5	15	2
1719	25	15	25	2.5	3	1	9	7	15	2
1720	30	20	25	2	4.5	1	9	7	12	1
1721	25	10	45	2	2	1.5	9	12	15	1
1722	15	10	45	2	4.5	1.5	9	12	12	1
1723	25	15	45	2	4.5	0.5	9	12	15	1
1724	30	10	25	1.5	3	0.5	7	5	10	2
1725	15	10	40	2	4.5	1.5	9	5	15	2
1726	25	10	45	2	2	1	9	12	15	1
1727	25	20	25	2	2	0.5	9	5	10	2
1728	25	20	40	2	4.5	1	12	5	12	2
1729	15	15	40	2.5	3	1	12	7	15	2
1730	25	15	25	2	2	1	7	5	10	2
1731	15	15	25	1.5	3	1	7	5	12	2
1732	30	10	45	1.5	3	0.5	7	5	10	2
1733	25	15	45	2	4.5	1	9	7	15	2
1734	25	15	40	2	4.5	1	9	12	12	1
1735	25	10	25	2	4.5	1	9	12	10	3
1736	30	15	45	2.5	4.5	0.5	9	7	10	1
1737	25	20	45	2	4.5	1	9	12	12	1
1738	15	10	25	1.5	4.5	0.5	9	12	12	1
1739	15	15	25	1.5	2	1.5	9	7	12	2
1740	30	20	45	2.5	4.5	1.5	9	7	10	2
1741	15	15	25	1.5	2	0.5	9	5	10	2
1742	25	20	45	2	2	1	9	7	15	2
1743	30	10	25	1.5	3	1	9	5	12	2
1744	30	20	25	2	2	0.5	7	5	15	2
1745	15	10	40	2	3	0.5	9	7	12	2
1746	15	10	40	2	2	1	12	7	15	2
1747	15	10	25	1.5	2	1.5	9	7	12	2
1748	30	10	45	1.5	3	1	7	12	15	1
1749	30	15	40	2.5	3	0.5	7	12	10	1
1750	30	15	40	2	2	1	7	7	12	2
1751	30	15	40	1.5	3	1	7	5	15	2
1752	25	15	45	2	2	1.5	12	12	10	1
1753	30	20	45	2	4.5	1.5	12	7	12	2
1754	25	20	40	2.5	3	0.5	7	5	15	2
1755	25	15	25	2	3	0.5	9	12	12	1
1756	15	20	45	2.5	4.5	1	9	7	12	1
1757	30	15	45	2	3	1	7	7	15	2
1758	25	15	25	2	3	1	12	5	12	2
1759	15	10	40	1.5	3	0.5	9	12	12	1
1760	25	10	45	2	3	1.5	7	7	15	1
1761	25	10	45	2.5	3	0.5	9	12	15	1
1762	15	10	40	1.5	3	0.5	7	12	15	1
1763	25	10	40	2	3	1.5	9	5	12	2
1764	30	15	45	2	2	1.5	9	5	15	2
1765	25	10	45	2.5	3	1	12	12	12	2
1766	30	15	40	2	2	0.5	9	7	10	2
1767	25	10	40	2.5	3	1	12	5	12	2
1768	15	10	40	2.5	4.5	1	12	5	12	2
1769	25	20	45	1.5	3	0.5	9	7	12	2
1770	25	20	40	1.5	4.5	1.5	9	7	10	1
1771	25	15	45	2.5	2	0.5	12	5	10	2
1772	15	15	45	2	3	0.5	12	12	10	1
1773	30	15	40	1.5	2	1	12	7	12	2
1774	15	15	45	2	3	1	7	12	12	1
1775	30	15	25	2	2	0.5	9	7	12	2
1776	25	10	45	2	4.5	1	7	12	10	1
1777	30	15	40	2.5	2	0.5	12	5	10	2
1778	25	10	40	2	3	1	12	7	10	2
1779	25	10	40	2	3	1	7	7	15	2
1780	15	10	45	2	3	1.5	9	7	12	2
1781	30	10	40	1.5	4.5	1	9	12	12	1
1782	30	15	25	2	3	1	12	7	15	2
1783	25	20	40	1.5	3	1	9	12	15	1
1784	30	10	25	2	3	1	7	5	12	2
1785	15	15	40	1.5	4.5	1	12	12	12	1
1786	15	10	45	2	2	0.5	7	5	10	2
1787	15	15	40	1.5	4.5	1.5	12	12	12	1
1788	25	10	25	2.5	4.5	1.5	7	7	10	1
1789	25	10	40	2	3	1	12	7	15	2
1790	15	15	40	2	3	0.5	12	5	12	2
1791	25	15	40	2.5	4.5	1.5	7	5	15	2
1792	25	15	40	1.5	2	1	9	12	12	1
1793	25	20	25	2	2	0.5	12	5	12	2
1794	30	10	40	1.5	4.5	0.5	12	7	12	2
1795	25	15	40	2	3	1	9	5	12	2
1796	25	15	25	1.5	4.5	0.5	9	7	12	1
1797	15	15	25	2.5	3	1	9	7	12	2
1798	25	15	25	1.5	3	0.5	7	5	12	2
1799	25	15	45	2.5	3	1	9	7	15	2
1800	15	10	25	2	4.5	0.5	12	12	12	1
1801	30	10	45	2	4.5	0.5	9	5	12	2
1802	30	20	40	2.5	3	0.5	9	12	12	1
1803	30	20	45	2.5	4.5	1	9	5	10	2
1804	25	20	25	2.5	2	0.5	7	5	15	2
1805	15	10	40	2	3	1.5	9	7	15	2
1806	30	20	45	1.5	2	1.5	7	5	10	2
1807	25	15	45	2.5	2	1	12	7	12	2
1808	30	15	40	2.5	3	1	9	5	15	2
1809	30	15	45	2	2	1	7	5	12	2
1810	25	15	25	1.5	2	0.5	7	12	12	1
1811	30	15	40	2.5	3	1.5	12	12	12	2
1812	30	15	40	2.5	2	0.5	7	7	15	2
1813	25	20	40	2	3	1	12	7	12	2
1814	25	15	40	2	4.5	1	9	12	15	1
1815	25	15	40	2.5	3	1.5	12	7	10	2
1816	25	15	40	2.5	3	1	9	7	10	2
1817	25	15	45	1.5	3	0.5	7	7	10	2
1818	25	15	25	2.5	3	1	12	5	15	2
1819	25	20	25	1.5	4.5	1	9	7	15	2
1820	25	15	40	2	2	1	7	7	12	1
1821	25	15	40	2.5	3	0.5	12	7	12	2
1822	25	15	40	2	4.5	1.5	9	7	10	2
1823	15	10	45	2	3	1.5	9	12	15	1
1824	25	10	40	2	4.5	1	9	12	12	1
1825	30	15	45	2.5	4.5	1.5	9	7	12	2
1826	25	10	25	1.5	3	1.5	9	12	15	1
1827	30	20	25	2.5	3	1	9	7	12	2
1828	25	15	40	2.5	2	1.5	12	7	12	2
1829	25	10	40	2	2	0.5	9	7	12	2
1830	25	10	40	2	4.5	0.5	7	12	12	1
1831	30	15	25	2.5	2	1.5	7	7	12	2
1832	25	15	40	2.5	3	0.5	9	7	15	2
1833	15	15	25	1.5	3	1	12	7	12	2
1834	25	10	25	2	4.5	1.5	12	5	10	2
1835	25	15	25	2.5	3	0.5	12	7	12	2
1836	25	15	40	1.5	3	1.5	12	7	12	2
1837	25	10	40	2.5	4.5	1.5	12	12	10	3
1838	25	20	45	1.5	3	0.5	7	12	15	1
1839	30	15	40	2	4.5	1	9	5	12	2
1840	15	15	25	2	3	0.5	7	5	10	1
1841	25	10	45	2	4.5	1	7	7	12	1
1842	30	20	45	2.5	4.5	1	12	7	15	2
1843	15	15	45	1.5	2	1	12	7	15	2
1844	25	20	40	2	4.5	0.5	9	12	12	1
1845	25	15	45	2	4.5	1.5	12	7	10	2
1846	15	15	45	2.5	3	1	12	5	10	2
1847	25	10	40	2.5	2	1	12	12	12	3
1848	15	15	45	2.5	2	1	9	5	15	2
1849	30	20	40	1.5	3	1	12	7	12	2
1850	25	20	40	2	3	1	9	12	12	1
1851	15	20	40	2	2	0.5	7	7	12	2
1852	15	15	40	1.5	4.5	1	9	5	12	2
1853	25	10	40	2	4.5	0.5	7	12	12	1
1854	15	15	25	2	3	1	9	7	12	2
1855	25	10	45	1.5	2	1.5	12	7	12	2
1856	30	20	45	2.5	2	1.5	9	7	12	1
1857	25	10	25	1.5	3	1.5	9	12	15	1
1858	25	20	40	1.5	4.5	1	7	7	12	1
1859	15	15	45	1.5	2	1.5	9	7	10	2
1860	25	15	40	2	3	1	9	7	12	2
1861	25	15	40	2.5	2	0.5	9	7	12	2
1862	15	15	40	2	4.5	1	12	7	12	2
1863	30	15	45	1.5	3	1	12	12	12	3
1864	25	15	25	2	4.5	1	9	7	10	1
1865	25	15	45	2.5	2	1	9	5	12	2
1866	15	15	25	2	2	0.5	9	12	15	1
1867	25	15	40	2	4.5	1	9	7	12	2
1868	25	20	40	2	3	1.5	7	12	15	1
1869	30	15	25	2	3	0.5	12	7	15	2
1870	30	20	40	2	3	1.5	9	7	12	2
1871	15	20	40	2.5	2	1.5	9	12	10	2
1872	25	15	45	1.5	3	1.5	9	12	12	1
1873	25	10	25	2.5	3	0.5	9	7	10	2
1874	30	20	40	2.5	2	1	12	5	15	2
1875	25	15	40	2	3	1	9	5	10	2
1876	25	15	40	1.5	3	1	9	5	15	2
1877	15	15	40	2	2	1.5	9	5	12	2
1878	25	15	45	2	3	1	9	5	12	2
1879	15	15	40	2	2	1	7	7	15	2
1880	15	10	40	2.5	3	0.5	7	5	12	2
1881	15	10	25	1.5	3	0.5	12	5	10	2
1882	15	20	40	2	2	1	9	12	10	1
1883	30	20	25	2	3	0.5	9	5	12	2
1884	30	10	40	2.5	2	1	9	7	12	2
1885	15	15	45	2.5	3	1	9	7	15	2
1886	15	20	45	1.5	4.5	1	7	7	12	1
1887	30	20	40	2	3	1	9	7	15	2
1888	25	15	45	2	2	0.5	9	7	12	2
1889	30	15	45	2	2	1	12	7	15	2
1890	25	15	25	1.5	4.5	0.5	9	7	10	2
1891	25	20	40	2	3	1	12	5	10	2
1892	15	10	40	1.5	2	1	9	12	12	1
1893	25	10	25	2	4.5	1	12	5	15	2
1894	25	10	45	2.5	3	0.5	9	7	15	2
1895	15	15	45	1.5	2	1.5	9	12	12	1
1896	30	15	25	1.5	2	1	12	12	12	1
1897	25	15	25	2	2	1.5	7	7	12	2
1898	30	15	40	1.5	3	1	9	12	15	1
1899	30	20	40	2.5	3	1	9	5	15	2
1900	25	10	40	1.5	3	0.5	12	12	10	2
1901	15	15	45	2.5	3	1	9	12	12	1
1902	30	20	45	2	4.5	1.5	12	12	12	1
1903	25	15	25	2	4.5	1.5	9	7	12	2
1904	25	10	40	2	4.5	0.5	7	7	12	1
1905	25	15	40	2	2	1	12	12	12	2
1906	25	20	40	2.5	3	1	7	5	10	2
1907	25	10	25	2	3	0.5	9	7	10	2
1908	30	15	45	2	3	1	9	7	12	2
1909	25	15	25	2	3	0.5	12	7	12	2
1910	30	15	40	2.5	3	1.5	9	7	12	2
1911	15	20	45	1.5	4.5	0.5	9	12	10	1
1912	25	20	40	2	4.5	1	9	5	12	2
1913	30	15	40	2	3	1.5	12	7	15	2
1914	30	20	25	2	2	1	7	7	12	2
1915	30	15	25	1.5	2	1.5	12	5	12	2
1916	30	20	45	1.5	3	1.5	7	7	10	1
1917	25	10	25	2.5	4.5	1	9	12	12	1
1918	25	10	40	2.5	3	1.5	9	5	10	2
1919	30	10	40	2	2	1.5	9	5	12	2
1920	30	20	45	2	3	1	7	12	10	1
1921	25	15	40	2	4.5	1.5	7	7	15	1
1922	25	15	40	2	4.5	1	9	12	12	1
1923	30	20	40	2.5	2	0.5	12	5	15	2
1924	25	15	40	2	3	0.5	7	5	12	2
1925	25	20	25	2	3	1	12	5	12	2
1926	25	20	40	2.5	4.5	1.5	7	12	12	1
1927	25	15	25	2	4.5	1	9	12	12	1
1928	30	10	45	1.5	2	1.5	7	5	12	2
1929	30	10	40	1.5	4.5	0.5	7	5	12	2
1930	25	15	40	2	3	0.5	7	7	10	1
1931	30	10	40	2	3	1.5	9	7	15	2
1932	25	15	25	2	4.5	1	7	5	10	1
1933	15	15	25	2	3	1	7	5	12	2
1934	25	15	40	2.5	4.5	0.5	12	7	12	2
1935	30	10	40	1.5	4.5	1	12	7	10	2
1936	25	15	25	2.5	3	0.5	12	12	10	3
1937	30	20	40	2	3	0.5	7	12	12	1
1938	15	20	45	2	3	1	7	5	10	2
1939	30	15	45	2	2	1	9	12	15	1
1940	15	15	40	2	3	1	7	7	15	1
1941	25	15	40	2.5	4.5	1	7	7	10	1
1942	25	15	45	1.5	3	1.5	7	7	12	1
1943	15	15	40	2.5	3	0.5	7	5	12	2
1944	15	15	40	1.5	3	0.5	9	12	12	1
1945	25	20	45	2.5	2	1.5	12	5	12	2
1946	15	15	40	2	3	1	9	12	12	1
1947	30	20	45	2.5	3	1.5	12	5	12	2
1948	15	15	40	1.5	4.5	1	9	7	15	1
1949	30	15	40	2	3	0.5	12	12	12	3
1950	25	15	40	2.5	3	1	7	7	15	2
1951	30	15	40	2	3	1	12	5	15	2
1952	25	10	40	2	3	1	7	7	15	1
1953	25	15	45	2.5	4.5	1	7	12	12	1
1954	25	15	25	2	3	1	9	12	12	1
1955	15	15	40	2.5	4.5	0.5	9	5	15	2
1956	25	15	40	2	4.5	0.5	9	5	10	2
1957	25	15	25	2.5	2	1.5	12	12	12	2
1958	30	15	40	2.5	4.5	1.5	9	12	12	1
1959	30	15	45	1.5	3	1	9	5	12	2
1960	15	10	45	2	4.5	1	7	12	12	1
1961	30	10	45	2	2	1	12	5	12	2
1962	25	15	45	2	3	0.5	9	5	15	2
1963	25	20	45	2	3	1	7	12	12	1
1964	30	10	45	2	3	1	9	7	12	2
1965	25	15	40	1.5	3	1.5	12	5	15	2
1966	25	15	40	2.5	3	1.5	9	5	12	2
1967	30	15	40	2.5	3	1.5	9	5	10	2
1968	25	15	40	2	2	0.5	9	7	12	2
1969	30	15	40	2	3	1	7	7	15	2
1970	25	10	40	2	2	0.5	7	5	12	2
1971	25	15	25	2	4.5	0.5	9	7	10	3
1972	25	15	40	1.5	3	0.5	7	7	12	1
1973	30	10	45	2	4.5	0.5	12	7	10	2
1974	30	15	25	2	4.5	1	9	12	15	1
1975	30	10	40	2	4.5	0.5	9	12	12	1
1976	30	15	25	2	4.5	1.5	12	12	12	1
1977	30	10	45	1.5	4.5	0.5	7	7	12	1
1978	25	10	25	2	3	1	9	7	15	2
1979	30	15	45	2	4.5	1	12	12	12	3
1980	25	15	45	1.5	2	1	7	12	12	1
1981	25	15	25	2.5	3	1	7	7	10	2
1982	25	20	45	2	2	1	9	7	12	2
1983	15	20	40	2	3	1	7	5	12	2
1984	25	15	25	2	2	1	12	12	15	1
1985	30	10	45	1.5	3	0.5	9	5	15	2
1986	25	10	25	2	2	0.5	7	5	10	2
1987	25	15	45	2	3	1.5	9	5	15	2
1988	30	15	25	1.5	3	1.5	9	7	15	2
1989	15	15	40	1.5	2	1	12	7	15	2
1990	15	10	25	1.5	3	1	12	7	10	2
1991	25	10	25	2	3	1	9	7	12	2
1992	25	15	25	1.5	4.5	1.5	12	12	12	1
1993	25	10	45	2.5	3	0.5	12	5	15	2
1994	25	10	40	2.5	3	1	9	12	12	1
1995	25	15	25	2	2	1.5	7	12	15	1
1996	25	10	45	2	2	1	12	12	10	2
1997	15	15	45	2	2	1.5	9	7	12	2
1998	15	20	25	2	4.5	1	9	7	15	1
1999	25	15	40	2	3	0.5	7	7	12	2
2000	30	10	25	2	2	0.5	9	7	15	2
2001	25	15	25	2	4.5	1.5	9	5	10	2
2002	15	15	40	1.5	3	0.5	7	7	12	1
2003	25	15	40	2.5	3	1.5	7	7	12	2
2004	30	15	40	1.5	3	1	12	5	10	2
2005	25	15	25	2	3	0.5	12	12	12	3
2006	25	10	40	1.5	3	1	7	7	12	1
2007	25	10	45	1.5	3	1	9	12	12	1
2008	15	15	25	1.5	3	1	12	7	10	2
2009	25	15	45	2	2	1.5	9	7	12	2
2010	25	20	25	2	4.5	1	9	7	12	2
2011	15	15	40	2.5	2	1	12	5	15	2
2012	25	20	25	2	4.5	1.5	12	7	12	2
2013	25	15	40	1.5	3	1	9	7	12	2
2014	25	15	40	2	4.5	1.5	7	5	15	2
2015	25	20	45	2	2	1	9	5	10	2
2016	30	15	45	2	3	1	12	5	15	2
2017	25	20	40	2	3	1.5	7	7	10	1
2018	15	10	40	1.5	3	1	7	7	15	1
2019	25	15	40	1.5	3	0.5	9	7	15	2
2020	30	15	45	2	2	1.5	9	5	12	2
2021	30	20	45	1.5	4.5	1.5	12	7	12	2
2022	15	20	40	2	3	1.5	12	12	10	2
2023	25	15	40	2	3	0.5	12	7	12	2
2024	15	20	45	2.5	3	0.5	9	12	10	1
2025	30	15	40	2	3	1	7	5	12	2
2026	25	15	45	2	2	1	7	7	15	2
2027	30	15	25	2.5	3	1	9	12	10	3
2028	15	15	25	2.5	3	1.5	7	7	12	1
2029	25	10	40	2	4.5	1.5	12	7	10	2
2030	25	10	25	2	2	1.5	9	7	15	2
2031	25	15	40	2.5	3	0.5	9	5	15	2
2032	25	15	40	1.5	4.5	1.5	7	7	12	1
2033	25	15	40	2.5	2	0.5	9	7	12	2
2034	30	10	40	2	3	1.5	12	12	15	2
2035	15	15	25	2	4.5	0.5	9	7	12	2
2036	25	15	40	2.5	3	1	7	5	12	2
2037	25	10	25	1.5	3	0.5	7	5	15	2
2038	25	20	40	2	4.5	1.5	9	7	10	2
2039	15	10	40	2.5	2	0.5	9	5	10	2
2040	25	15	40	1.5	4.5	1	7	12	10	1
2041	25	15	25	2.5	4.5	0.5	9	5	10	2
2042	25	15	40	2	3	0.5	12	7	10	2
2043	30	20	45	2.5	3	0.5	9	7	12	2
2044	25	10	45	2	3	1.5	7	7	10	1
2045	25	15	45	1.5	3	1.5	9	12	12	1
2046	30	15	40	2	3	0.5	9	7	10	2
2047	30	15	40	2	4.5	1	9	12	12	3
2048	15	15	40	2	4.5	1	7	12	10	1
2049	30	10	40	2.5	4.5	1	9	5	10	2
2050	25	15	40	2.5	4.5	0.5	9	7	15	2
2051	15	10	40	2	3	1	7	7	12	2
2052	25	20	45	2.5	2	1	9	12	10	1
2053	25	20	40	2	3	1	9	7	12	2
2054	15	15	45	2	3	1	12	12	12	1
2055	25	10	25	2.5	2	1	9	5	12	2
2056	25	10	40	2	4.5	1.5	7	12	12	1
2057	25	15	40	1.5	3	1	7	7	12	1
2058	15	10	45	2	3	1	9	12	12	1
2059	30	20	40	1.5	2	1	9	12	12	1
2060	25	15	40	2.5	4.5	1	12	7	10	2
2061	25	15	40	2	3	1	7	7	10	2
2062	25	15	25	1.5	3	1	12	5	10	2
2063	25	10	25	2	2	1.5	9	12	15	2
2064	25	15	40	2	3	1	9	7	12	1
2065	30	10	40	1.5	3	0.5	9	12	15	1
2066	25	15	25	2	3	1.5	9	7	10	2
2067	25	10	40	2	3	1	12	7	10	2
2068	15	20	40	2	3	1.5	7	7	12	1
2069	25	20	25	2	2	0.5	9	7	10	2
2070	15	15	25	1.5	4.5	1	9	7	15	1
2071	15	10	25	1.5	3	1	9	12	12	1
2072	15	15	45	2.5	3	0.5	9	5	15	2
2073	25	10	45	2	4.5	1	7	7	15	1
2074	30	15	45	2	3	1	9	7	15	2
2075	30	20	40	2	3	1	7	5	12	2
2076	25	20	40	1.5	4.5	1	12	7	12	2
2077	25	20	40	2.5	2	1.5	12	12	15	2
2078	25	15	25	2	2	0.5	7	7	10	2
2079	25	15	25	2.5	3	1	12	12	12	3
2080	25	15	40	2	2	1.5	7	5	10	1
2081	25	15	40	2	3	1.5	12	7	12	2
2082	30	15	25	2	2	0.5	9	7	12	2
2083	25	20	25	1.5	2	1	7	7	15	2
2084	25	15	40	2	3	0.5	7	5	10	2
2085	25	20	40	2	3	1	12	7	12	2
2086	15	15	40	2	4.5	1	12	5	15	2
2087	15	15	45	2.5	3	1	9	7	12	2
2088	25	15	45	2	2	0.5	7	7	12	1
2089	15	10	40	2	3	1	9	7	12	2
2090	25	15	45	2	3	0.5	12	7	12	2
2091	30	20	40	1.5	3	1.5	7	5	15	2
2092	15	15	40	2	3	1.5	9	12	12	1
2093	15	20	40	2	3	1	9	7	12	2
2094	25	15	45	1.5	3	1	9	7	10	2
2095	30	10	40	2.5	2	1	7	7	12	2
2096	25	15	40	2	4.5	0.5	12	12	10	1
2097	25	15	40	2	2	0.5	7	12	12	1
2098	15	15	45	1.5	3	1.5	7	12	12	1
2099	25	10	40	2	3	0.5	12	12	10	3
2100	25	15	45	2	2	1	12	7	15	2
2101	25	15	40	1.5	2	1	12	7	12	2
2102	30	20	45	2	3	0.5	7	12	15	1
2103	15	15	40	1.5	3	1	9	5	15	2
2104	15	10	40	2.5	2	0.5	7	5	12	2
2105	30	15	25	2	3	0.5	9	12	10	3
2106	25	15	25	2.5	4.5	0.5	7	12	10	1
2107	25	10	40	2	4.5	1	12	7	12	2
2108	25	15	25	2	3	1.5	9	7	12	2
2109	30	15	40	2	3	0.5	9	7	15	2
2110	15	15	40	2.5	2	1	7	12	12	1
2111	15	20	25	2	2	0.5	12	12	15	3
2112	25	15	25	2	3	1	9	7	15	1
2113	15	10	40	2	2	0.5	9	7	12	2
2114	15	15	40	1.5	3	0.5	9	7	12	2
2115	30	15	25	2.5	3	1.5	12	12	12	3
2116	15	10	25	1.5	4.5	0.5	9	7	12	1
2117	15	15	40	2	4.5	0.5	12	7	12	2
2118	30	20	25	2.5	2	1.5	9	12	12	1
2119	15	15	40	2	3	0.5	7	7	12	2
2120	15	15	40	2.5	3	1.5	9	7	10	1
2121	25	10	40	1.5	3	1.5	12	12	15	2
2122	25	20	25	2	2	1	9	7	15	2
2123	25	15	40	2.5	3	0.5	9	12	15	1
2124	30	15	40	2	3	1	9	7	12	2
2125	25	15	45	1.5	4.5	0.5	9	7	12	2
2126	25	15	40	1.5	4.5	1.5	7	5	15	2
2127	25	15	40	2	3	1	9	12	10	3
2128	25	15	40	2	4.5	1	7	12	10	1
2129	25	20	45	2	2	1	7	12	15	1
2130	30	15	40	2.5	2	1	9	7	15	2
2131	30	15	40	2	3	1.5	12	7	12	2
2132	25	15	40	2	3	1	9	7	12	2
2133	25	15	40	2	3	1.5	9	7	10	2
2134	25	15	40	1.5	3	0.5	7	7	10	1
2135	25	15	45	1.5	2	1.5	12	12	15	2
2136	25	15	40	2	3	1	12	12	12	1
2137	25	15	40	2	3	0.5	9	12	10	1
2138	25	20	25	2.5	3	1	9	5	12	2
2139	30	20	25	2.5	2	1	9	7	10	2
2140	25	15	25	1.5	2	1.5	9	5	12	2
2141	30	20	25	1.5	3	1.5	9	12	12	1
2142	30	15	40	2.5	4.5	0.5	9	7	10	2
2143	15	15	45	1.5	4.5	0.5	9	12	12	1
2144	15	15	25	1.5	3	1	12	12	15	1
2145	25	10	25	2	3	1	9	7	12	2
2146	30	20	40	2	3	1	7	7	10	1
2147	30	10	40	1.5	2	1	12	7	12	2
2148	25	10	40	1.5	2	1	7	12	15	1
2149	15	20	25	2	2	1.5	9	7	10	2
2150	25	20	45	2.5	4.5	0.5	9	7	15	2
2151	15	10	40	2	3	1.5	9	7	12	2
2152	15	20	40	2	2	1.5	9	7	12	1
2153	25	15	40	2	4.5	0.5	9	7	12	2
2154	30	15	45	2.5	3	1	7	7	10	2
2155	25	15	40	2.5	4.5	1.5	7	7	15	2
2156	25	10	45	2	3	1.5	9	12	12	1
2157	25	20	45	2.5	3	1	12	7	10	2
2158	25	15	25	2	2	0.5	9	7	12	2
2159	15	15	40	1.5	3	1	9	7	12	2
2160	25	15	40	1.5	3	1	9	7	12	1
2161	25	15	40	2	4.5	1.5	7	7	12	1
2162	25	20	45	2	3	1.5	7	12	15	1
2163	25	20	25	2.5	4.5	1	9	7	15	2
2164	15	20	40	2	2	1	12	5	10	2
2165	25	15	40	1.5	3	1	7	7	10	2
2166	30	10	40	1.5	4.5	0.5	7	5	12	2
2167	30	20	45	1.5	4.5	1	9	7	12	2
2168	15	15	25	2	2	1	12	12	12	1
2169	25	10	45	2.5	2	1	9	7	15	2
2170	30	15	40	1.5	2	0.5	12	5	10	2
2171	25	10	45	2	3	1	9	12	10	1
2172	25	15	40	2.5	3	1.5	9	5	12	2
2173	25	20	45	2	3	0.5	9	7	15	2
2174	25	20	40	2	3	0.5	9	5	12	2
2175	30	15	25	2	4.5	1	9	7	10	3
2176	15	15	40	2	2	0.5	12	7	15	2
2177	25	15	25	1.5	3	0.5	9	12	12	1
2178	25	10	25	2	3	1	9	12	12	1
2179	15	20	40	2	3	1	12	5	12	2
2180	30	10	40	1.5	4.5	1.5	7	5	12	1
2181	15	10	40	2	4.5	1.5	9	7	12	2
2182	25	15	25	2	2	0.5	7	5	12	2
2183	15	15	45	2	3	0.5	7	12	15	1
2184	30	10	45	2	3	1	9	7	12	2
2185	25	15	25	2	3	1	12	5	10	2
2186	25	15	40	2	3	1.5	9	7	15	2
2187	15	10	45	2	3	1	9	7	12	2
2188	15	10	25	2	4.5	1	7	7	12	1
2189	25	10	40	2.5	3	1.5	7	12	10	1
2190	15	15	25	2	4.5	1	12	12	10	3
2191	30	15	25	2.5	4.5	1.5	7	12	12	1
2192	25	15	40	2.5	4.5	1	9	12	12	1
2193	15	10	45	1.5	3	1.5	7	7	10	1
2194	30	10	40	2.5	2	1.5	7	12	12	1
2195	15	15	25	2.5	4.5	1	9	7	12	2
2196	30	15	25	1.5	3	0.5	9	5	15	2
2197	15	15	40	2	2	1	12	12	10	3
2198	30	10	45	2	4.5	1	9	7	10	2
2199	15	15	40	2	3	1	9	5	10	2
2200	25	15	40	2	4.5	1.5	9	5	12	2
2201	25	15	40	1.5	3	1.5	12	7	15	2
2202	25	20	45	1.5	4.5	1.5	7	12	12	1
2203	15	10	40	1.5	4.5	0.5	12	7	15	2
2204	25	10	40	2	3	1.5	12	12	12	1
2205	25	15	40	2	3	1	12	12	15	2
2206	25	15	40	2	4.5	1.5	9	7	15	2
2207	30	15	40	2.5	3	1.5	12	5	10	2
2208	25	20	40	1.5	3	1.5	9	7	15	1
2209	15	20	45	2.5	3	1	7	7	10	1
2210	25	10	40	2	3	1.5	12	12	12	1
2211	15	15	40	1.5	2	1	9	12	12	1
2212	25	15	45	2	4.5	1	7	12	10	1
2213	25	10	25	2.5	3	0.5	9	5	15	2
2214	30	10	45	2	3	1.5	9	7	10	2
2215	30	15	25	2	3	1	12	5	10	2
2216	15	20	45	2.5	2	1	12	12	12	1
2217	30	10	45	2	3	1.5	9	7	15	2
2218	25	10	25	2	2	1.5	7	7	10	2
2219	25	20	40	1.5	3	0.5	9	5	15	2
2220	25	20	40	1.5	3	1	12	12	12	1
2221	25	20	40	2	3	1.5	9	7	10	2
2222	25	10	40	2.5	2	1	9	7	12	2
2223	25	15	25	1.5	4.5	0.5	12	12	12	3
2224	15	10	25	1.5	3	1	7	7	12	1
2225	25	15	40	1.5	3	0.5	9	7	15	2
2226	25	15	40	1.5	3	1	9	12	12	1
2227	30	10	45	2	2	1	7	7	10	2
2228	25	10	45	2.5	2	1	12	7	12	2
2229	25	15	40	2.5	3	0.5	7	12	10	1
2230	30	15	40	2.5	2	1	9	12	15	1
2231	15	15	40	2	3	1	9	12	12	1
2232	25	15	45	2	3	1	7	5	15	2
2233	25	15	40	2	3	1	12	7	12	2
2234	25	15	40	2.5	4.5	1	7	7	10	1
2235	25	20	25	2	3	0.5	9	5	12	2
2236	15	20	25	2	4.5	1.5	9	7	15	1
2237	25	15	25	1.5	3	1	7	12	12	1
2238	15	20	40	2.5	3	1	12	12	12	1
2239	15	15	45	2.5	3	0.5	9	7	12	2
2240	15	15	45	2	4.5	1	12	7	15	1
2241	25	15	40	1.5	4.5	0.5	9	7	12	2
2242	25	10	45	2	4.5	1	9	7	12	2
2243	30	15	40	1.5	2	1	9	12	10	1
2244	30	20	25	2	2	1	7	7	12	1
2245	25	20	40	2.5	3	1	7	7	12	2
2246	25	15	25	2.5	3	0.5	9	7	10	2
2247	25	20	40	2.5	2	1	9	5	12	2
2248	25	15	40	1.5	3	0.5	9	5	12	2
2249	25	10	40	2	3	1	9	7	10	2
2250	25	15	45	2	4.5	0.5	7	5	12	2
2251	15	15	40	1.5	4.5	1	7	7	12	1
2252	25	20	45	2	2	1.5	12	7	12	2
2253	25	15	40	2	3	1	9	5	12	2
2254	15	15	25	1.5	3	1	9	5	10	2
2255	15	15	45	1.5	4.5	0.5	7	7	10	2
2256	25	20	45	2	3	1.5	7	12	10	1
2257	30	15	25	2	2	1	7	12	15	1
2258	30	10	45	2	3	1.5	9	7	12	2
2259	25	20	45	2	4.5	1	7	5	10	2
2260	15	15	25	2	2	1	9	12	15	1
2261	30	15	40	2	2	1	9	7	15	2
2262	15	15	40	2	4.5	1	9	7	15	1
2263	30	10	25	2	3	1.5	9	12	12	2
2264	30	15	40	2	3	1	9	7	12	2
2265	15	20	40	2	2	1	9	7	12	2
2266	30	15	25	2.5	3	1.5	9	12	12	1
2267	25	15	40	2	3	0.5	9	12	10	3
2268	25	10	40	2	3	1	12	7	10	2
2269	30	10	45	2	3	1	9	5	12	2
2270	15	15	25	2	4.5	1.5	9	5	15	2
2271	25	15	25	2.5	3	1	7	12	12	1
2272	25	15	40	2.5	3	0.5	9	7	15	1
2273	30	15	40	2.5	4.5	1	9	7	12	2
2274	30	20	25	1.5	3	1	7	7	10	1
2275	25	20	45	2	3	1	12	12	12	2
2276	30	15	40	2	2	1.5	12	5	15	2
2277	25	10	25	2	3	1	7	12	12	1
2278	25	15	40	2	2	1	9	7	12	2
2279	15	10	25	2.5	4.5	1	9	7	15	2
2280	25	15	25	2.5	2	0.5	12	12	12	2
2281	30	15	45	2.5	3	1.5	9	12	12	1
2282	25	15	45	2	3	1.5	12	7	10	2
2283	30	20	40	2	2	1	7	12	15	1
2284	15	10	45	2	2	1.5	9	7	10	2
2285	15	15	25	1.5	3	0.5	9	5	12	2
2286	25	20	25	2	2	1.5	7	7	12	2
2287	30	15	25	1.5	4.5	0.5	7	7	15	2
2288	25	20	40	2	4.5	1	9	7	10	1
2289	30	10	40	2.5	3	1.5	9	7	12	2
2290	30	15	40	2.5	2	1	9	7	12	2
2291	15	15	40	2	2	1.5	9	12	12	1
2292	15	20	45	2.5	4.5	1	9	12	15	1
2293	30	20	40	2	3	0.5	12	7	12	2
2294	25	20	45	1.5	4.5	1	9	7	12	1
2295	25	10	45	2.5	2	1	9	7	12	2
2296	25	10	40	1.5	3	1	7	7	12	1
2297	30	15	25	1.5	3	1	7	7	10	2
2298	30	20	25	1.5	4.5	1	12	12	15	1
2299	25	15	25	2	3	0.5	9	12	12	1
2300	30	20	40	2.5	2	1	9	7	15	2
2301	15	10	25	2	3	1	9	5	12	2
2302	25	15	40	2	4.5	1.5	9	5	10	2
2303	25	20	45	2	3	1	9	12	12	3
2304	15	15	40	2.5	3	1	12	12	12	1
2305	15	15	40	2	3	1	9	7	12	2
2306	30	10	40	2	2	1	9	12	15	1
2307	15	20	45	2	3	1	9	5	12	2
2308	25	20	45	1.5	4.5	1	9	7	12	1
2309	30	15	25	1.5	2	1.5	9	7	10	2
2310	25	10	45	1.5	2	1	9	5	12	2
2311	15	10	40	2	4.5	1	7	7	12	2
2312	25	15	25	2	3	1	9	7	10	2
2313	15	10	40	2.5	4.5	0.5	9	12	15	1
2314	30	15	45	2	3	1.5	7	5	15	2
2315	30	15	40	2	2	0.5	12	5	12	2
2316	25	15	25	1.5	3	1.5	9	7	10	2
2317	25	10	40	2	4.5	1	9	5	15	2
2318	30	15	25	2	4.5	1	9	7	10	2
2319	25	15	45	2	3	1	12	12	12	3
2320	15	15	40	2.5	4.5	0.5	12	7	15	2
2321	30	15	25	1.5	3	1	12	12	12	3
2322	25	10	40	1.5	3	1	12	7	12	2
2323	25	20	25	2.5	4.5	1	9	7	10	2
2324	25	15	25	1.5	2	0.5	12	5	12	2
2325	25	20	40	1.5	3	1	12	5	12	2
2326	25	15	40	2	4.5	1	12	7	12	2
2327	25	15	40	1.5	4.5	1	12	7	12	2
2328	25	15	25	2	3	1.5	7	12	12	1
2329	25	20	40	2	2	0.5	12	5	10	2
2330	15	10	25	2	4.5	1	9	7	12	2
2331	30	15	40	1.5	3	1.5	9	12	10	1
2332	25	15	40	2	3	1	12	5	12	2
2333	25	15	40	2.5	3	1	12	12	12	2
2334	30	15	40	2.5	3	0.5	9	7	10	2
2335	30	15	40	2	2	1	7	7	12	2
2336	25	10	40	2.5	4.5	1.5	9	12	10	1
2337	15	15	45	1.5	2	1	9	7	12	2
2338	25	10	45	2.5	4.5	0.5	9	7	12	2
2339	25	10	25	1.5	4.5	1.5	9	7	10	2
2340	30	20	40	2	3	0.5	7	7	12	1
2341	25	15	40	2.5	4.5	1.5	7	7	10	1
2342	15	15	40	1.5	3	1	9	7	12	2
2343	25	15	40	2.5	3	1.5	12	7	12	2
2344	25	20	25	2	3	1	9	5	12	2
2345	25	15	25	1.5	3	1	9	7	12	2
2346	30	10	40	2	2	0.5	12	12	15	2
2347	15	15	40	2.5	3	0.5	9	7	12	2
2348	25	15	25	1.5	4.5	1	12	12	15	1
2349	30	15	40	1.5	4.5	1.5	9	7	12	2
2350	25	15	40	2.5	3	0.5	9	7	12	2
2351	25	15	40	2	2	1	9	7	10	2
2352	15	15	25	2	4.5	0.5	12	12	12	1
2353	25	20	25	2	4.5	1.5	7	12	12	1
2354	30	10	45	2.5	2	1	7	7	12	2
2355	15	15	45	2	4.5	1	7	7	12	1
2356	30	10	40	2	3	1	12	7	15	2
2357	30	10	45	1.5	3	1	7	7	12	2
2358	30	20	25	2	3	1.5	12	12	10	3
2359	15	15	40	2	3	1	7	7	12	2
2360	25	15	45	2	3	1	12	7	10	2
2361	25	15	25	2.5	3	1	9	5	15	2
2362	15	20	45	2	2	1	7	12	15	1
2363	25	20	25	2	4.5	1	9	5	15	2
2364	25	20	45	2	3	1	9	7	12	2
2365	25	10	40	2.5	2	1	12	7	15	2
2366	25	15	45	2	3	0.5	7	5	10	2
2367	15	15	40	1.5	2	1	7	5	12	2
2368	15	15	40	2	2	1.5	12	5	12	2
2369	30	15	40	2	4.5	1	9	5	10	2
2370	25	15	40	2	2	1.5	12	5	15	2
2371	30	15	25	2	2	0.5	9	5	15	2
2372	30	15	40	2.5	4.5	0.5	9	7	10	2
2373	25	10	45	2	2	1	7	5	10	2
2374	15	15	45	2	3	0.5	12	12	12	1
2375	25	10	45	2	3	1	12	7	12	2
2376	25	15	40	2	3	1.5	12	7	10	2
2377	30	10	25	1.5	2	1	7	7	10	2
2378	25	15	45	2.5	3	1.5	12	5	12	2
2379	30	15	40	2	4.5	1	12	5	12	2
2380	30	10	40	1.5	3	1.5	9	5	12	2
2381	15	15	40	2	2	1	9	7	10	2
2382	25	15	40	2.5	3	1	7	5	15	2
2383	25	10	40	2	4.5	1	7	5	10	2
2384	25	15	25	2	4.5	1	9	7	12	1
2385	15	10	25	2	3	0.5	7	5	12	2
2386	25	15	25	2.5	3	1.5	9	5	15	2
2387	30	10	45	1.5	2	1	12	12	15	2
2388	25	10	40	2	3	1	12	5	15	2
2389	15	15	25	2	3	1	9	12	10	1
2390	25	20	40	2.5	3	1.5	7	7	15	1
2391	25	15	45	2.5	2	0.5	7	5	12	2
2392	30	15	25	2	3	0.5	9	5	12	2
2393	30	10	45	1.5	4.5	1	7	7	12	1
2394	25	20	40	2	3	1	9	5	12	2
2395	25	20	45	1.5	3	1	12	7	12	2
2396	25	15	40	2	3	1	9	12	15	1
2397	30	15	25	2.5	3	1	9	12	15	1
2398	25	15	45	2	3	1	9	12	12	1
2399	30	20	45	2	4.5	1	7	7	12	2
2400	25	20	40	2	3	0.5	9	5	15	2
2401	15	10	40	1.5	3	1	9	5	15	2
2402	25	15	45	1.5	3	1	12	7	10	2
2403	25	15	25	2.5	3	1.5	7	12	10	1
2404	30	15	45	2.5	2	1	9	7	15	2
2405	30	20	45	1.5	4.5	1.5	12	7	12	2
2406	15	20	45	1.5	2	0.5	9	5	12	2
2407	25	20	45	2.5	3	1.5	7	7	15	2
2408	25	10	40	1.5	4.5	1.5	9	5	10	2
2409	25	20	40	2.5	3	0.5	12	7	12	2
2410	30	20	40	2	3	1	12	12	12	2
2411	25	15	45	2.5	2	1.5	9	7	12	2
2412	30	15	25	1.5	4.5	1	9	12	12	1
2413	25	20	40	2.5	4.5	1	12	12	12	3
2414	30	15	45	1.5	4.5	0.5	7	7	15	1
2415	25	20	45	2.5	3	1	9	5	12	2
2416	15	15	25	1.5	3	1	7	7	12	1
2417	30	15	40	2	3	1	9	7	12	2
2418	25	15	25	2	3	1	12	5	15	2
2419	30	15	45	2	3	0.5	9	12	10	2
2420	25	15	25	2	2	1	9	12	12	1
2421	25	15	40	2	3	1	9	5	15	2
2422	25	15	40	1.5	3	1	9	7	12	2
2423	25	20	45	2	3	1	7	7	12	2
2424	25	10	45	2	2	1	9	7	12	2
2425	25	10	40	2	3	0.5	12	7	12	2
2426	25	15	45	2	4.5	1	12	5	10	2
2427	30	15	40	2	3	0.5	9	12	12	1
2428	15	20	45	2	3	1	9	7	12	2
2429	25	20	45	2.5	3	1.5	7	12	10	1
2430	15	20	45	1.5	3	0.5	7	12	15	1
2431	30	10	45	1.5	2	1	7	5	12	2
2432	30	15	40	2.5	3	1	9	12	12	1
2433	30	10	25	2	4.5	1	9	7	12	2
2434	15	10	25	2	4.5	1.5	9	12	12	1
2435	30	15	40	2	3	1	9	7	12	2
2436	25	20	25	1.5	2	1	12	5	12	2
2437	25	20	40	1.5	3	1	7	7	15	1
2438	30	15	45	2.5	3	1.5	7	5	15	2
2439	30	20	40	1.5	3	1	9	12	12	1
2440	30	15	25	2	3	0.5	9	7	15	2
2441	15	10	40	2	4.5	1.5	9	7	10	2
2442	15	10	25	2	4.5	0.5	7	5	12	1
2443	25	20	40	2	3	1.5	12	7	12	2
2444	25	20	40	2.5	3	1.5	9	7	10	2
2445	25	15	25	2	4.5	1.5	9	12	10	1
2446	15	10	25	1.5	3	1.5	7	7	15	1
2447	15	20	40	1.5	3	1	9	7	10	2
2448	25	15	25	2	2	1.5	9	7	15	2
2449	25	20	40	2.5	2	1	9	12	12	1
2450	30	15	45	2	3	1	7	12	10	1
2451	15	20	25	2	2	0.5	12	7	10	2
2452	15	15	45	2.5	3	0.5	12	7	12	2
2453	25	20	40	2	2	0.5	7	7	10	2
2454	15	10	40	2	3	1	9	5	15	2
2455	30	20	40	2	2	0.5	9	7	12	2
2456	25	15	45	1.5	3	0.5	7	7	12	1
2457	25	10	40	2.5	4.5	1	7	7	10	2
2458	25	15	40	2.5	4.5	0.5	9	5	15	2
2459	25	10	45	2.5	3	0.5	7	12	12	1
2460	25	20	45	2	4.5	1	9	7	10	1
2461	25	10	40	2	3	1.5	9	12	12	1
2462	15	10	40	2.5	2	1	12	7	15	2
2463	25	10	40	2	3	1.5	12	7	12	2
2464	25	15	25	2	3	0.5	7	7	15	1
2465	25	15	45	2	3	1.5	7	5	15	2
2466	15	15	40	1.5	3	1	9	5	10	2
2467	25	15	40	1.5	3	1.5	9	7	10	2
2468	15	10	40	2	3	0.5	12	5	12	2
2469	25	10	45	1.5	4.5	1	12	7	12	2
2470	15	20	40	1.5	3	0.5	9	12	15	1
2471	15	10	40	2	4.5	1	12	5	10	2
2472	30	15	40	2	3	0.5	12	12	12	1
2473	30	20	45	2.5	3	1	7	12	15	1
2474	25	15	45	2	2	1	9	5	10	2
2475	25	15	25	1.5	3	1	9	12	12	1
2476	30	15	40	2.5	2	1.5	12	7	12	2
2477	25	15	45	2.5	2	1.5	7	7	15	2
2478	25	15	40	1.5	3	1.5	12	5	12	2
2479	25	10	25	2	3	0.5	9	12	10	3
2480	25	15	45	1.5	3	1	9	5	10	2
2481	15	10	25	2	3	1.5	9	7	12	2
2482	25	15	40	2	2	1	9	12	12	1
2483	15	15	25	2.5	2	0.5	12	7	12	2
2484	25	15	45	2	3	1.5	7	7	10	1
2485	25	15	40	2.5	2	0.5	12	5	10	2
2486	15	15	40	1.5	4.5	0.5	7	7	12	1
2487	15	10	40	2	3	1	12	5	15	2
2488	30	15	25	2	3	0.5	12	5	12	2
2489	25	15	25	2	3	1	9	5	12	2
2490	30	15	25	2.5	2	0.5	9	5	10	2
2491	30	10	40	2	3	1	9	7	10	2
2492	25	15	45	2	2	1	9	5	12	2
2493	15	15	40	2.5	4.5	1	9	7	15	2
2494	25	20	40	1.5	4.5	1	9	7	15	2
2495	15	15	25	1.5	4.5	1	12	7	12	3
2496	30	15	40	2.5	3	0.5	9	7	12	1
2497	25	10	40	2	3	1.5	12	5	12	2
2498	25	20	45	2	2	0.5	12	7	10	2
2499	30	10	40	2	3	0.5	9	7	10	2
2500	25	10	25	2	4.5	0.5	7	5	15	1
2501	15	15	40	2.5	4.5	1	12	12	12	1
2502	30	15	40	1.5	3	1	9	5	12	2
2503	30	15	45	2.5	2	0.5	9	5	12	2
2504	25	20	45	2.5	4.5	0.5	9	7	12	1
2505	15	10	40	2	4.5	0.5	9	7	10	2
2506	15	15	45	2.5	3	1.5	9	12	12	1
2507	25	15	25	2.5	4.5	0.5	9	7	15	2
2508	25	10	45	2	2	0.5	9	7	15	2
2509	15	15	40	1.5	2	0.5	9	7	12	2
2510	25	10	40	2	3	1.5	9	12	12	1
2511	25	15	40	2.5	3	1	7	5	12	2
2512	25	10	45	2.5	4.5	1	9	7	12	1
2513	15	15	40	2.5	3	1	9	7	12	2
2514	30	10	45	2	3	0.5	12	7	15	2
2515	25	15	40	1.5	2	1	12	12	10	3
2516	30	15	25	2	3	0.5	12	12	12	2
2517	30	15	45	2	4.5	1	9	7	15	2
2518	30	15	40	2	2	0.5	9	12	15	1
2519	30	10	45	1.5	4.5	1.5	9	7	12	2
2520	15	15	45	2	3	1.5	12	7	12	2
2521	30	15	40	2	3	1	12	7	12	2
2522	25	15	45	1.5	3	1	12	12	12	1
2523	15	20	40	2.5	4.5	0.5	7	7	12	1
2524	15	10	25	2.5	4.5	1.5	9	7	10	2
2525	30	20	45	2.5	3	1	9	7	15	2
2526	30	20	40	2.5	2	1	9	7	10	2
2527	25	20	40	1.5	3	1	9	7	12	2
2528	25	15	40	2	3	1	9	7	12	1
2529	25	15	25	2	3	1	9	7	15	2
2530	15	20	40	2	4.5	0.5	12	7	12	2
2531	25	10	45	1.5	2	1	9	5	15	2
2532	25	15	25	2	4.5	1	9	7	10	1
2533	30	10	40	1.5	3	0.5	12	12	12	2
2534	30	15	40	2	3	1.5	12	7	12	2
2535	25	20	40	2	4.5	1.5	12	12	10	3
2536	25	10	45	2	3	1.5	9	12	10	1
2537	25	15	40	2	4.5	1.5	9	12	12	1
2538	25	10	45	2.5	3	1.5	12	12	10	2
2539	30	15	40	1.5	3	1.5	9	5	15	2
2540	30	10	25	2	3	1.5	12	7	12	2
2541	15	10	40	2.5	2	1.5	9	5	12	2
2542	15	20	25	2	3	1	9	7	10	2
2543	25	10	45	2	4.5	1	9	5	12	2
2544	25	20	25	1.5	2	1.5	9	7	10	1
2545	30	20	45	2	3	1.5	12	7	10	2
2546	30	10	25	2.5	3	1	7	5	12	2
2547	25	15	25	2.5	4.5	1.5	9	12	15	1
2548	30	10	40	2	4.5	1.5	9	7	15	2
2549	25	10	25	2	3	1	12	7	10	2
2550	25	15	25	2	3	0.5	7	7	12	1
2551	30	10	40	1.5	4.5	1	12	7	10	2
2552	30	15	40	2	2	1	12	7	10	2
2553	25	15	40	2.5	3	1.5	12	7	15	2
2554	30	20	25	1.5	2	1.5	9	7	15	2
2555	25	15	40	1.5	2	1	7	7	10	2
2556	25	10	40	2	2	1.5	7	7	10	2
2557	30	10	25	2	2	0.5	9	12	12	1
2558	25	10	40	2.5	4.5	1	7	7	12	1
2559	25	15	45	2	3	0.5	9	5	12	2
2560	30	15	25	1.5	3	0.5	9	7	10	1
2561	25	20	40	1.5	3	0.5	9	12	15	1
2562	25	10	40	1.5	4.5	1.5	12	12	15	1
2563	25	20	40	1.5	3	1	9	12	15	1
2564	25	15	45	2	3	1	7	7	15	1
2565	15	10	25	2	2	1.5	9	7	12	2
2566	25	15	25	2.5	4.5	1.5	7	12	12	1
2567	25	10	40	2	4.5	1	9	12	12	1
2568	25	20	45	1.5	4.5	1	7	7	12	1
2569	25	15	40	2	2	1	9	12	10	1
2570	25	10	25	1.5	3	1.5	12	7	12	2
2571	15	20	40	1.5	4.5	1	12	7	10	2
2572	25	15	25	2.5	3	0.5	7	12	10	1
2573	25	10	40	2	3	1.5	9	12	15	1
2574	30	15	25	1.5	3	1	12	7	15	2
2575	15	20	40	2	4.5	1.5	12	7	12	2
2576	30	20	40	1.5	4.5	1	9	7	15	1
2577	30	15	25	1.5	4.5	1.5	9	7	12	2
2578	30	15	25	2.5	4.5	0.5	12	12	10	3
2579	15	15	40	1.5	3	1	9	12	10	1
2580	25	10	40	2	3	1	9	5	10	2
2581	15	10	25	2	4.5	1	7	5	12	2
2582	25	15	25	2	3	1	12	12	15	1
2583	15	20	25	2.5	2	1	9	12	12	1
2584	15	10	45	2	2	1	9	12	10	1
2585	25	15	40	2	3	0.5	9	7	15	2
2586	25	20	40	2	4.5	1	9	12	10	1
2587	25	20	25	1.5	4.5	1.5	12	12	10	3
2588	25	20	25	2.5	3	0.5	12	7	15	2
2589	15	10	25	2	3	1	9	7	15	2
2590	15	20	25	2.5	2	1	9	5	12	2
2591	15	15	25	2	2	1	9	7	15	2
2592	30	10	40	2	3	0.5	9	12	15	1
2593	25	15	45	2	3	0.5	7	12	15	1
2594	25	15	40	2.5	3	1.5	12	7	12	2
2595	30	15	40	1.5	4.5	1	9	7	12	2
2596	25	15	45	2.5	4.5	1.5	12	7	10	2
2597	15	20	40	2	2	1.5	9	5	12	2
2598	25	15	45	1.5	4.5	1	12	5	12	2
2599	25	15	40	2	3	1.5	9	7	10	2
2600	25	15	40	2.5	2	0.5	9	7	10	2
2601	25	10	25	2	3	1	7	7	10	2
2602	25	20	45	2	3	0.5	9	12	12	1
2603	25	20	45	2.5	2	1	12	7	15	2
2604	15	15	25	2	2	0.5	9	7	12	2
2605	15	15	40	2.5	2	1	12	12	15	2
2606	25	15	40	1.5	3	1	9	5	15	2
2607	25	15	45	2	2	1.5	7	12	12	1
2608	15	20	25	1.5	3	1	9	7	12	1
2609	25	15	25	1.5	4.5	1.5	7	12	12	1
2610	15	10	40	2	2	1	7	5	15	2
2611	25	15	40	1.5	3	1	7	7	15	2
2612	25	15	40	2	3	0.5	12	7	10	2
2613	25	10	40	2.5	3	1	9	7	12	2
2614	25	20	45	2	3	1.5	12	5	15	2
2615	15	10	40	1.5	4.5	1	9	5	12	2
2616	25	15	40	2	2	1.5	9	5	12	2
2617	25	20	45	2	3	1	9	5	15	2
2618	25	15	40	1.5	3	1	9	12	10	1
2619	15	20	40	2	3	0.5	9	12	15	1
2620	25	15	25	2.5	2	1	7	7	15	2
2621	25	10	40	2.5	3	1	9	7	10	2
2622	15	10	45	1.5	4.5	1	12	12	12	1
2623	15	15	40	1.5	3	1	9	7	12	2
2624	15	20	45	2.5	3	1.5	9	7	12	1
2625	25	15	45	2	3	1	9	7	15	2
2626	25	15	25	2	2	1	7	7	12	2
2627	15	15	25	2.5	3	1	7	5	12	2
2628	15	20	25	2.5	3	0.5	7	5	12	1
2629	15	10	40	2	2	1	7	7	10	2
2630	30	10	25	1.5	2	1	9	5	10	2
2631	15	10	25	2	2	1	12	7	12	2
2632	30	20	40	2.5	2	0.5	9	7	15	2
2633	30	15	40	1.5	3	1	9	7	10	2
2634	15	20	40	2.5	2	1.5	9	12	10	1
2635	25	20	25	2	2	1.5	12	12	15	2
2636	30	15	25	2	2	1	7	5	12	2
2637	25	15	45	1.5	4.5	0.5	12	5	10	2
2638	25	20	40	1.5	4.5	1.5	12	7	12	2
2639	25	10	45	2	2	1	7	5	12	2
2640	15	15	40	1.5	3	1	12	7	12	2
2641	25	20	40	2.5	3	1	12	7	12	2
2642	25	10	45	2	2	1	12	5	12	2
2643	25	15	40	2	3	1	9	7	15	2
2644	30	10	40	2	3	1	9	7	10	2
2645	25	15	40	1.5	3	1	7	7	10	2
2646	30	15	40	2	4.5	1	9	7	12	2
2647	15	10	45	2.5	3	1.5	7	5	15	2
2648	25	10	40	2	3	0.5	9	12	15	1
2649	25	15	40	2	2	1	9	7	12	2
2650	25	10	40	2.5	4.5	0.5	9	7	12	2
2651	30	15	40	1.5	2	1	7	5	12	2
2652	15	15	45	2.5	4.5	0.5	9	7	10	1
2653	30	15	25	2.5	3	0.5	7	12	15	1
2654	25	15	25	2.5	3	1.5	9	5	12	2
2655	15	15	40	2	3	1.5	9	7	15	2
2656	30	10	40	2	3	0.5	9	7	15	2
2657	15	10	40	2	4.5	1	9	7	15	2
2658	30	15	40	2.5	2	0.5	12	5	12	2
2659	25	10	40	1.5	2	0.5	9	7	12	2
2660	25	15	25	2	3	1.5	9	7	12	2
2661	25	10	45	2.5	4.5	1.5	12	12	15	2
2662	15	20	25	2	3	1	12	12	15	1
2663	15	15	25	1.5	3	1	7	7	15	2
2664	25	20	40	2.5	2	1	7	5	12	2
2665	30	15	25	2	3	0.5	7	5	10	2
2666	15	15	45	2	3	1	9	12	12	1
2667	25	15	40	2.5	3	1	12	7	10	2
2668	30	15	40	2	3	1.5	9	7	12	2
2669	25	10	45	1.5	4.5	0.5	9	5	12	2
2670	30	15	45	2.5	2	0.5	12	12	10	3
2671	25	20	45	2	3	1	12	12	15	2
2672	15	15	25	2	3	1	9	5	10	2
2673	30	10	40	2	2	1	7	7	12	2
2674	30	15	40	2	2	1	9	7	15	2
2675	30	20	40	2.5	4.5	1.5	12	5	12	2
2676	25	10	40	2	3	1.5	9	7	12	2
2677	15	15	40	2.5	4.5	0.5	7	7	12	1
2678	15	20	40	1.5	4.5	0.5	9	7	10	1
2679	15	15	25	2	4.5	1	9	5	15	2
2680	25	10	45	2	3	1.5	12	5	15	2
2681	30	15	40	2	3	1	12	7	12	2
2682	15	10	25	2.5	3	1	9	7	10	2
2683	15	10	25	2	2	1	12	5	12	2
2684	25	15	45	2.5	3	0.5	12	7	15	2
2685	15	20	40	1.5	2	1	9	7	10	2
2686	15	20	45	1.5	4.5	0.5	12	12	12	1
2687	25	10	45	2	4.5	0.5	12	7	15	2
2688	15	10	40	2.5	2	1	12	12	15	1
2689	25	10	45	2.5	2	0.5	12	5	12	2
2690	15	15	25	2	4.5	1.5	9	7	15	1
2691	15	15	45	1.5	2	1.5	12	7	12	2
2692	25	15	25	2	2	1	9	12	12	1
2693	15	15	25	2	4.5	0.5	9	7	12	2
2694	25	15	45	2	3	0.5	9	7	12	2
2695	25	20	25	2.5	2	1	12	5	12	2
2696	25	10	40	2.5	3	1	12	12	12	1
2697	25	10	40	2	3	1	9	7	12	2
2698	30	20	40	2.5	3	0.5	12	7	12	2
2699	25	15	25	2.5	3	1	7	12	10	1
2700	30	15	40	2.5	3	0.5	9	7	15	2
2701	15	20	40	2	2	0.5	12	5	15	2
2702	25	15	40	2	2	1	12	7	12	2
2703	30	15	25	1.5	3	1	9	12	10	3
2704	15	15	40	2.5	2	1	9	7	12	1
2705	25	10	25	2.5	3	1	7	7	12	2
2706	25	20	45	1.5	2	0.5	12	7	15	2
2707	25	15	40	2	3	0.5	7	7	15	2
2708	15	15	40	2	2	0.5	7	12	10	1
2709	15	10	40	2	2	1	7	5	10	2
2710	25	20	40	2	3	1	12	7	12	2
2711	30	15	25	1.5	2	1	7	5	10	2
2712	30	10	25	1.5	3	1.5	12	12	10	2
2713	25	15	45	2	4.5	1.5	12	7	15	2
2714	15	20	45	1.5	2	1	9	5	12	2
2715	25	15	45	2.5	3	1	7	12	12	1
2716	30	20	45	2	3	1.5	7	5	12	2
2717	30	10	45	1.5	4.5	1.5	9	5	12	2
2718	15	10	40	2	2	1.5	9	7	12	2
2719	25	15	45	1.5	4.5	1	9	5	10	2
2720	25	20	45	1.5	3	1	12	7	15	2
2721	25	20	40	2	2	1.5	9	7	12	2
2722	15	10	40	1.5	3	1.5	9	5	15	2
2723	15	15	25	2	4.5	1	9	5	12	2
2724	25	20	45	2	4.5	1	9	12	10	1
2725	15	20	45	2	3	1.5	9	12	12	1
2726	30	15	40	1.5	3	0.5	9	5	10	2
2727	25	15	40	2	3	1.5	12	7	10	2
2728	30	20	45	2	4.5	1.5	9	7	10	1
2729	25	15	40	2	4.5	1	9	12	12	1
2730	15	15	40	2	2	1	9	5	10	2
2731	30	15	45	1.5	3	1	9	7	10	2
2732	25	15	40	2	3	1	7	7	15	1
2733	15	10	25	1.5	4.5	0.5	12	12	15	1
2734	15	15	25	2	2	0.5	9	5	15	2
2735	15	20	45	2	2	1.5	7	7	10	2
2736	25	20	45	2.5	4.5	0.5	7	12	10	1
2737	25	10	40	2	3	1.5	9	7	12	2
2738	15	15	25	2	3	1.5	12	7	12	2
2739	15	10	40	2	3	1.5	9	5	12	2
2740	25	15	45	2.5	4.5	1.5	9	7	15	2
2741	15	20	45	1.5	2	1.5	9	7	12	2
2742	25	15	45	2.5	2	1	12	7	12	2
2743	30	20	45	2.5	3	1	12	7	15	2
2744	25	15	45	2	3	0.5	7	12	12	1
2745	15	20	40	1.5	4.5	1.5	9	7	15	1
2746	25	15	25	2	2	1	9	5	15	2
2747	30	15	25	1.5	2	1	9	12	15	1
2748	25	15	40	2	3	0.5	12	5	15	2
2749	15	15	40	1.5	4.5	1	9	12	12	1
2750	25	10	45	2.5	2	0.5	9	12	12	1
2751	15	10	25	1.5	3	0.5	7	7	12	2
2752	25	10	45	2.5	4.5	1.5	12	12	12	1
2753	30	15	40	1.5	4.5	1	12	7	12	2
2754	15	15	40	2	2	1	7	12	12	1
2755	25	15	40	2	4.5	0.5	12	7	15	2
2756	25	20	45	2	2	1	12	7	15	2
2757	30	15	40	2	4.5	1	9	7	12	2
2758	15	15	40	1.5	3	0.5	9	5	15	2
2759	15	20	45	2	3	1.5	12	7	15	2
2760	25	15	45	2	2	1	9	7	15	2
2761	25	10	45	2.5	3	1.5	9	12	15	1
2762	25	15	25	2	2	1.5	9	12	10	1
2763	25	10	45	2	4.5	0.5	7	5	15	2
2764	25	15	45	2	2	1	9	7	12	2
2765	15	20	25	2	3	1	7	7	10	1
2766	25	10	40	2.5	4.5	1	7	7	15	1
2767	30	20	45	2	2	1	9	5	15	2
2768	25	15	40	2	3	0.5	12	7	12	2
2769	25	10	40	1.5	4.5	1	12	5	12	2
2770	25	20	40	2.5	3	1	9	5	12	2
2771	25	20	40	1.5	3	0.5	9	12	15	1
2772	25	15	45	2.5	4.5	0.5	9	12	12	1
2773	30	15	25	1.5	3	1	9	7	12	2
2774	25	15	45	2	4.5	1.5	9	7	12	2
2775	30	10	40	1.5	3	1	7	5	10	2
2776	15	20	40	1.5	4.5	0.5	7	7	12	1
2777	25	15	40	2.5	2	1.5	12	7	15	2
2778	25	10	25	2	4.5	1.5	12	7	12	2
2779	15	15	45	1.5	4.5	0.5	12	5	12	2
2780	25	15	40	2.5	2	1	9	5	12	2
2781	25	15	45	2	4.5	1	9	12	15	1
2782	15	10	25	1.5	3	0.5	9	12	12	1
2783	15	20	45	2	3	1	9	12	15	1
2784	25	15	40	2.5	2	0.5	9	12	10	1
2785	30	20	25	2.5	4.5	1	12	7	10	2
2786	15	15	40	2	3	1	7	7	12	1
2787	25	15	45	2	4.5	1	7	7	10	1
2788	25	10	25	1.5	4.5	0.5	9	12	10	1
2789	25	15	45	2	2	1	7	7	12	2
2790	30	15	40	1.5	4.5	1	7	12	12	1
2791	25	20	40	2	2	1	7	7	15	2
2792	30	20	45	2	4.5	0.5	7	7	10	1
2793	30	15	40	1.5	3	0.5	12	7	10	2
2794	25	15	40	2	3	1	12	7	10	2
2795	25	20	25	2.5	2	1.5	9	12	12	1
2796	15	20	25	2	3	1	9	5	10	2
2797	25	15	40	2	3	1	9	7	15	2
2798	15	10	40	1.5	3	0.5	9	7	10	2
2799	15	15	25	2.5	4.5	1.5	12	7	10	3
2800	25	15	40	2	4.5	1	7	7	10	1
2801	15	10	40	2.5	4.5	1	9	7	12	2
2802	15	15	45	2	2	1.5	12	7	12	2
2803	25	15	25	2	3	1	9	12	10	3
2804	15	10	40	2	3	0.5	9	5	15	2
2805	25	15	40	2	4.5	0.5	12	12	12	3
2806	25	15	45	1.5	3	1.5	9	5	10	2
2807	15	15	40	2.5	3	1	12	7	12	2
2808	15	10	40	2	4.5	0.5	7	12	12	1
2809	25	15	45	1.5	2	1	9	7	15	2
2810	25	10	45	2	4.5	1	7	7	12	1
2811	25	15	40	2	2	0.5	9	5	15	2
2812	25	15	40	2	3	0.5	9	7	12	2
2813	15	20	40	2	3	0.5	12	12	15	1
2814	30	10	25	2.5	4.5	0.5	9	7	15	2
2815	15	10	40	2.5	2	0.5	12	7	12	2
2816	25	15	45	2	4.5	1	12	12	10	1
2817	30	10	40	2	3	1	7	7	15	2
2818	30	15	45	2	4.5	1.5	9	7	12	2
2819	25	15	25	1.5	3	1	7	7	12	2
2820	25	15	45	2.5	4.5	1	9	12	15	1
2821	25	15	25	2	4.5	1	7	7	15	1
2822	25	15	40	2	3	0.5	9	7	12	2
2823	15	15	25	2	3	0.5	9	5	15	2
2824	25	10	40	2	4.5	1	9	12	15	1
2825	30	20	25	2	3	1	7	5	15	2
2826	25	15	40	2	3	0.5	7	12	12	1
2827	25	15	45	2	3	0.5	12	7	10	2
2828	15	15	40	2	2	0.5	12	7	15	2
2829	25	10	45	1.5	3	1.5	9	5	12	2
2830	30	20	40	2	4.5	1.5	9	7	12	2
2831	25	15	25	2	4.5	1	9	12	12	1
2832	25	20	25	1.5	3	1.5	12	7	10	2
2833	25	10	45	2.5	4.5	1.5	9	7	12	2
2834	25	15	40	1.5	3	1.5	9	7	15	2
2835	30	15	40	1.5	3	1	12	7	10	2
2836	25	20	45	1.5	4.5	1	12	7	12	2
2837	25	10	40	2	2	1.5	9	7	12	2
2838	30	10	45	2	3	0.5	9	5	10	2
2839	25	15	40	2	4.5	1	9	5	15	2
2840	30	15	40	2	3	1	12	5	10	2
2841	25	10	40	2	3	1	9	5	10	2
2842	25	15	45	2	4.5	1	9	5	10	2
2843	30	15	40	1.5	3	0.5	9	5	10	2
2844	30	15	25	2	3	1	7	5	12	2
2845	30	15	40	2	3	1	7	12	10	1
2846	25	15	40	2	2	1	9	7	15	2
2847	30	20	40	2.5	2	1	12	7	15	2
2848	25	10	25	2	3	1	9	12	10	1
2849	15	10	40	2	3	0.5	9	7	12	2
2850	25	20	40	1.5	3	0.5	7	5	12	2
2851	30	10	40	2	2	1.5	9	7	10	2
2852	15	20	40	2	3	0.5	9	5	10	2
2853	25	10	25	2	4.5	0.5	12	7	10	2
2854	25	15	40	1.5	2	1.5	9	12	15	1
2855	25	20	40	2.5	4.5	1	9	12	12	1
2856	15	10	45	2.5	3	1.5	9	12	12	1
2857	30	15	40	2	4.5	1.5	7	7	12	1
2858	25	10	40	2	2	0.5	12	7	10	2
2859	15	15	25	2.5	3	1	7	7	15	2
2860	15	15	25	2	2	1.5	12	5	10	2
2861	30	15	40	2	3	1.5	9	7	12	2
2862	30	15	25	1.5	4.5	1	9	12	12	1
2863	15	15	25	2	4.5	1	7	7	12	2
2864	15	15	40	1.5	4.5	1.5	9	7	10	1
2865	25	15	45	2.5	2	1	7	7	15	2
2866	25	20	40	2.5	3	1	9	5	12	2
2867	30	15	40	2	3	0.5	12	5	10	2
2868	15	20	45	2.5	2	0.5	12	5	10	2
2869	15	20	40	2	4.5	1	12	5	12	2
2870	25	15	45	2	3	1	9	12	12	1
2871	15	15	45	2.5	3	1	12	12	12	3
2872	25	10	40	2	3	1.5	9	5	10	2
2873	25	15	45	2	3	1	9	7	12	2
2874	25	10	40	1.5	3	1	12	5	15	2
2875	25	15	25	2.5	3	1.5	9	7	10	2
2876	30	15	40	2.5	3	1	12	7	15	2
2877	25	20	45	1.5	4.5	0.5	12	7	12	2
2878	25	15	40	2	2	1.5	12	5	10	2
2879	25	15	25	2	3	1	7	7	12	2
2880	25	15	40	1.5	3	1.5	9	12	12	1
2881	30	15	40	2	2	1.5	7	7	12	2
2882	30	10	45	2	2	0.5	12	7	10	2
2883	25	10	25	2	3	1.5	12	7	10	2
2884	25	15	45	2	4.5	1	12	7	10	2
2885	25	10	40	1.5	2	1	12	5	12	2
2886	25	15	40	2	3	1.5	12	7	10	2
2887	15	15	40	2.5	2	1	9	7	10	2
2888	15	10	40	2.5	3	1	9	7	12	2
2889	25	15	40	2	3	1.5	7	12	10	1
2890	25	15	45	2.5	3	1	9	7	12	2
2891	25	15	40	2	2	0.5	12	7	12	2
2892	25	15	25	2	2	1	9	12	12	1
2893	25	10	25	2	3	1	9	12	12	1
2894	30	20	40	2	2	1	9	7	12	2
2895	25	15	40	2	3	0.5	7	7	10	2
2896	25	10	25	1.5	3	1	9	7	12	1
2897	25	20	25	2	3	1	7	7	10	1
2898	25	15	40	1.5	2	1.5	9	12	12	1
2899	25	10	45	2	3	1.5	12	7	15	2
2900	15	20	40	2.5	3	1	12	7	10	2
2901	25	15	25	2	3	0.5	7	12	10	1
2902	25	15	45	2	3	0.5	7	7	15	1
2903	25	15	40	2	3	1	9	7	10	2
2904	30	15	45	2.5	4.5	1.5	9	5	10	2
2905	30	20	45	2.5	2	1	12	5	15	2
2906	15	15	25	2.5	4.5	1	9	7	15	2
2907	15	20	40	2	4.5	1.5	9	7	12	2
2908	25	10	40	2	3	1.5	9	7	12	2
2909	30	20	40	2.5	4.5	1.5	9	7	12	2
2910	15	20	40	2.5	3	1	7	12	12	1
2911	15	15	40	2	4.5	0.5	7	7	12	2
2912	25	20	45	2.5	4.5	1	9	7	15	1
2913	25	20	25	2	3	1.5	9	12	15	1
2914	30	15	45	2	3	1.5	7	7	15	1
2915	25	10	25	2	4.5	1.5	12	7	12	2
2916	25	15	25	2	4.5	1	7	7	10	1
2917	25	15	25	2	4.5	0.5	12	7	15	2
2918	30	15	25	2	4.5	1	9	5	12	2
2919	25	15	45	2	4.5	1	12	5	12	2
2920	15	10	45	1.5	2	1	7	5	10	2
2921	30	20	40	2.5	4.5	1	9	7	10	2
2922	25	20	40	1.5	3	1.5	12	7	15	2
2923	15	20	40	2	4.5	1	12	7	12	2
2924	30	15	40	2	2	1	9	5	15	2
2925	25	20	25	2	3	0.5	9	5	10	2
2926	25	10	40	1.5	3	1	12	7	15	2
2927	25	20	40	1.5	4.5	1.5	7	12	12	1
2928	25	15	40	1.5	2	0.5	9	7	12	2
2929	25	10	40	1.5	3	1	7	7	12	2
2930	25	15	40	2	3	0.5	12	7	10	2
2931	15	20	40	2	3	0.5	12	5	12	2
2932	15	15	45	2.5	3	1	9	5	15	2
2933	30	20	40	2.5	4.5	0.5	9	7	12	2
2934	25	20	25	2	3	1	9	12	12	1
2935	30	10	40	2	4.5	1	7	7	12	2
2936	15	15	40	1.5	4.5	1.5	9	12	12	1
2937	25	15	40	2.5	3	0.5	7	7	10	2
2938	25	20	45	2	3	1.5	9	7	12	2
2939	30	10	25	2	3	1	7	5	12	2
2940	15	15	40	2	3	1	7	7	12	1
2941	25	15	45	2	3	1.5	9	12	12	1
2942	15	15	40	1.5	2	1.5	9	7	12	2
2943	25	15	40	2	4.5	1	9	7	12	2
2944	30	15	25	2	4.5	1	9	7	12	1
2945	25	15	45	1.5	3	1.5	9	7	12	2
2946	25	10	25	2	4.5	1.5	12	7	10	2
2947	30	10	25	2	3	0.5	9	12	10	3
2948	25	10	40	2.5	2	1	9	5	15	2
2949	25	10	40	2	2	1	9	12	12	1
2950	25	15	45	2	2	1	9	5	10	2
2951	15	10	40	2	3	0.5	7	12	15	1
2952	30	20	25	2.5	2	1	9	7	10	2
2953	15	10	25	2	3	1.5	9	7	10	2
2954	15	15	45	1.5	2	1.5	12	7	12	2
2955	30	20	40	2	3	1	9	7	10	2
2956	25	20	45	1.5	4.5	0.5	9	7	10	1
2957	30	10	45	2	4.5	1	12	5	15	2
2958	30	10	40	1.5	2	1	12	12	12	2
2959	30	20	45	2	3	1	9	5	10	2
2960	25	15	40	1.5	3	1	9	5	10	2
2961	15	15	40	2.5	2	1	9	5	12	2
2962	25	20	45	2	4.5	1	9	12	12	1
2963	25	15	45	2	3	1	9	5	12	2
2964	25	20	40	2	3	1	12	7	15	2
2965	30	15	45	2.5	3	1	12	7	15	2
2966	25	15	45	2	3	1	7	7	12	1
2967	25	15	40	2.5	2	1.5	7	5	15	2
2968	30	15	40	2	3	0.5	9	7	12	2
2969	25	15	25	2.5	3	1	9	5	15	2
2970	25	20	45	2	3	1	12	12	12	1
2971	15	20	25	2	4.5	1	12	7	12	2
2972	15	10	25	2.5	3	0.5	7	12	15	1
2973	25	15	40	2	4.5	1	7	12	12	1
2974	15	20	40	2.5	3	0.5	9	7	10	2
2975	25	20	25	2.5	4.5	0.5	7	5	12	2
2976	25	15	40	2	3	1	7	12	10	1
2977	25	15	40	2	3	1	9	7	12	2
2978	25	15	40	2	4.5	0.5	7	12	12	1
2979	15	20	40	2	3	1.5	12	7	12	2
2980	25	15	25	2	4.5	1	12	7	12	2
2981	25	10	40	2.5	3	1.5	7	7	10	2
2982	25	15	25	2	3	0.5	9	7	15	2
2983	25	20	40	2	3	1	9	7	12	2
2984	25	15	40	2	3	1	12	7	12	2
2985	25	20	45	1.5	3	0.5	12	7	15	2
2986	25	20	40	2	3	1	9	7	12	2
2987	15	15	45	2.5	3	1	7	12	12	1
2988	15	20	25	2	3	1.5	9	7	10	1
2989	30	20	40	1.5	3	1	9	12	15	1
2990	30	15	45	1.5	3	1	9	12	12	1
2991	25	20	25	2	3	1	9	12	10	3
2992	25	15	40	2.5	3	1	7	7	15	1
2993	25	10	25	1.5	3	1	12	7	12	2
2994	15	20	25	2	4.5	1	7	5	10	1
2995	25	20	25	2	3	1.5	7	12	12	1
2996	25	10	25	2	3	1	9	12	10	1
2997	30	20	40	2	3	0.5	7	7	10	2
2998	25	10	45	1.5	2	0.5	12	7	12	2
2999	25	10	25	2	2	1	9	7	12	2
3000	15	15	40	2	4.5	1	7	7	12	1
