ID	PreferenceForPublicTransport	TravelTime	TravelCost	EnvironmentalConcern	SafetyPerception
1	0	41	8.0	0	0
2	0	55	8.5	0	0
3	3	34	6.3	1	1
4	1	51	4.0	1	1
5	1	47	1.7	1	0
6	2	52	3.7	1	0
7	2	22	2.9	0	0
8	1	40	1.5	1	0
9	0	50	4.7	0	0
10	2	20	4.1	0	0
11	0	52	5.3	1	0
12	2	17	3.0	1	1
13	0	50	5.4	0	1
14	1	29	6.8	0	1
15	1	30	8.9	1	0
16	3	45	4.8	1	0
17	2	21	6.7	1	1
18	1	50	7.2	1	1
19	1	42	6.5	1	0
20	1	41	2.4	1	0
21	0	48	8.6	0	1
22	0	58	3.8	0	0
23	1	44	6.2	1	1
24	0	38	6.4	1	0
25	1	58	8.7	1	0
26	0	53	9.9	0	1
27	3	31	8.0	1	1
28	0	43	6.6	0	1
29	0	52	2.2	0	1
30	1	31	2.7	0	0
31	1	34	1.6	0	1
32	2	33	6.7	1	0
33	0	59	8.4	1	0
34	2	40	5.0	0	1
35	0	47	9.1	0	0
36	2	44	8.1	1	1
37	3	15	6.6	1	1
38	1	41	9.9	0	0
39	2	26	1.4	1	0
40	0	30	1.3	0	0
41	2	23	1.9	1	1
42	1	22	3.8	0	0
43	0	49	7.9	0	1
44	2	42	7.7	0	1
45	3	21	4.9	1	1
46	1	22	5.7	1	0
47	0	58	8.4	0	1
48	1	34	9.1	0	1
49	0	56	9.4	0	1
50	1	23	2.1	0	0
51	2	20	7.7	1	0
52	0	59	5.7	0	0
53	0	44	2.0	0	0
54	3	17	2.5	1	1
55	1	19	9.8	1	0
56	5	27	1.3	1	1
57	2	47	6.5	1	0
58	2	43	1.5	1	1
59	3	16	3.2	1	1
60	4	11	5.2	1	1
61	4	26	3.3	1	1
62	2	15	3.6	1	1
63	0	57	4.7	0	0
64	5	30	4.7	1	1
65	1	56	7.8	1	1
66	0	52	2.1	1	0
67	1	32	1.4	0	1
68	4	12	5.8	0	1
69	2	49	3.0	0	1
70	3	28	2.4	0	0
71	3	11	1.8	1	1
72	1	29	7.2	0	0
73	2	37	5.4	0	0
74	0	38	4.5	0	0
75	1	51	4.2	0	1
76	2	18	8.6	1	0
77	0	52	6.9	0	1
78	2	16	3.4	0	0
79	0	45	8.9	0	1
80	0	32	4.8	1	0
81	2	24	5.5	1	1
82	0	53	1.0	0	0
83	3	18	4.3	1	1
84	0	53	5.3	0	0
85	1	21	8.1	0	1
86	3	23	7.4	1	1
87	2	13	6.0	1	0
88	2	12	3.5	0	1
89	2	17	5.0	0	1
90	1	36	4.8	0	1
91	1	22	5.1	0	1
92	0	46	5.2	0	0
93	2	36	7.6	1	1
94	2	21	5.2	0	0
95	2	29	4.3	0	0
96	0	42	3.5	0	0
97	1	55	5.7	0	1
98	0	56	9.6	1	0
99	0	54	2.7	0	0
100	3	14	7.9	1	1
101	2	59	5.3	1	1
102	1	25	4.0	1	1
103	0	18	7.8	0	0
104	0	51	4.0	1	0
105	0	45	8.9	0	0
106	1	36	5.7	0	0
107	2	19	3.6	1	0
108	0	44	5.3	0	0
109	1	31	8.2	1	1
110	1	41	9.9	1	1
111	4	15	9.2	1	1
112	3	17	5.6	1	0
113	0	30	3.3	0	1
114	0	50	2.8	0	0
115	3	24	9.3	1	1
116	0	41	6.7	0	0
117	0	37	1.7	0	0
118	0	55	2.2	0	1
119	2	37	2.6	1	1
120	3	26	3.8	1	0
121	2	17	5.9	0	0
122	2	33	4.9	0	0
123	5	15	4.6	1	1
124	4	29	3.0	1	1
125	1	60	8.0	0	1
126	0	56	8.2	1	0
127	2	26	7.6	0	1
128	3	20	1.8	0	1
129	0	54	9.0	1	0
130	0	43	8.3	0	1
131	0	55	8.6	0	1
132	4	17	3.2	1	1
133	2	33	2.2	1	1
134	1	13	1.9	0	1
135	0	51	8.3	0	1
136	0	25	1.6	0	0
137	1	31	4.1	1	1
138	0	39	8.0	0	0
139	0	37	7.8	0	0
140	2	10	4.6	0	0
141	2	24	1.9	0	0
142	2	32	4.7	1	0
143	2	52	6.3	0	0
144	0	47	9.6	0	0
145	2	13	3.0	1	0
146	1	32	2.1	1	0
147	1	36	2.7	0	0
148	0	54	6.6	1	1
149	2	31	1.7	0	0
150	0	50	4.5	0	0
151	0	45	3.7	1	1
152	0	53	5.6	1	0
153	3	40	4.7	1	1
154	2	37	3.8	1	0
155	0	46	1.1	0	1
156	0	54	6.5	0	1
157	3	40	7.5	1	1
158	2	22	9.8	0	1
159	4	15	3.0	1	1
160	1	45	3.3	1	0
161	2	44	9.9	1	0
162	3	12	8.0	1	1
163	1	32	2.1	1	0
164	0	53	2.9	1	0
165	1	45	7.4	0	0
166	0	49	8.0	1	1
167	1	14	8.1	0	0
168	2	19	2.1	0	0
169	1	42	9.4	1	0
170	2	30	1.2	1	0
171	3	35	4.3	0	1
172	2	25	9.5	1	0
173	2	18	2.6	0	0
174	1	41	9.2	1	0
175	1	49	8.9	1	0
176	2	22	2.9	1	0
177	0	45	3.1	0	0
178	2	21	7.1	0	1
179	1	54	7.5	0	1
180	3	23	7.8	1	1
181	1	28	5.2	1	0
182	1	49	3.9	1	0
183	1	47	9.4	1	0
184	1	36	3.8	0	1
185	2	37	7.0	1	0
186	2	36	9.1	1	1
187	0	38	3.9	0	1
188	3	34	6.9	1	1
189	3	15	5.0	0	1
190	0	40	1.8	0	0
191	2	11	3.4	0	1
192	0	53	4.3	0	0
193	1	45	1.9	1	0
194	3	16	2.1	0	0
195	2	28	4.6	0	0
196	2	32	4.6	1	0
197	2	24	1.9	1	0
198	0	37	8.8	0	1
199	1	59	6.4	1	1
200	1	54	8.6	1	0
201	1	30	9.9	1	0
202	0	49	2.6	0	1
203	1	38	4.6	0	0
204	0	54	5.0	1	1
205	1	32	7.2	0	0
206	1	44	9.2	1	0
207	1	21	7.7	1	0
208	3	25	2.4	1	0
209	2	31	1.5	0	1
210	0	51	3.7	1	0
211	3	35	1.5	0	1
212	1	51	3.5	0	0
213	1	32	9.2	0	0
214	1	55	5.6	1	0
215	1	55	6.4	1	0
216	1	57	7.9	1	1
217	4	13	9.7	1	1
218	0	52	5.3	0	1
219	0	55	2.1	0	1
220	2	34	8.8	1	0
221	3	20	3.2	1	0
222	5	28	2.6	1	0
223	1	15	5.9	0	0
224	0	48	1.8	0	0
225	0	51	6.0	0	0
226	0	53	4.2	1	1
227	0	35	5.6	0	0
228	0	23	1.3	0	0
229	1	36	3.1	1	0
230	3	37	8.5	1	1
231	3	18	2.1	1	0
232	1	20	3.4	0	1
233	0	55	6.5	1	1
234	0	55	5.7	0	0
235	2	48	5.2	1	1
236	0	46	7.1	0	0
237	2	33	8.7	0	0
238	2	43	2.6	0	0
239	0	38	6.0	0	1
240	1	42	9.7	1	1
241	2	39	3.0	0	1
242	4	15	4.7	1	0
243	0	17	7.4	0	0
244	2	18	6.5	1	1
245	1	23	8.2	1	0
246	2	40	6.0	1	0
247	4	17	3.3	0	0
248	0	49	5.3	0	1
249	1	44	5.6	1	1
250	3	36	9.5	1	1
251	3	11	4.3	0	1
252	3	12	7.6	0	0
253	4	16	9.9	0	0
254	3	44	2.8	0	0
255	2	12	6.8	0	0
256	1	23	7.8	1	0
257	3	16	4.8	1	1
258	1	46	2.3	0	1
259	3	42	9.1	1	0
260	3	30	8.8	1	1
261	0	60	6.9	0	1
262	0	40	5.7	0	0
263	1	45	3.4	1	1
264	1	40	9.7	0	0
265	0	48	2.0	1	0
266	1	41	1.7	0	1
267	1	42	4.6	0	0
268	1	15	3.4	0	0
269	1	44	1.8	0	1
270	0	13	8.1	0	0
271	0	31	4.8	0	0
272	2	32	5.9	1	0
273	3	26	9.7	1	0
274	3	17	9.8	0	0
275	3	10	5.6	1	0
276	0	42	2.6	0	0
277	0	57	8.3	1	0
278	0	44	6.5	0	1
279	0	54	1.4	1	1
280	3	13	9.8	1	0
281	0	39	1.2	0	1
282	2	25	9.3	1	1
283	0	57	3.7	1	0
284	3	27	2.8	0	0
285	1	37	6.2	1	1
286	2	36	1.5	0	1
287	0	38	1.5	0	0
288	2	37	3.1	1	1
289	1	48	5.0	0	0
290	2	54	1.8	1	1
291	2	29	3.2	0	1
292	0	34	9.6	0	0
293	0	37	7.5	0	1
294	1	18	8.2	1	0
295	2	33	5.3	1	0
296	2	28	4.9	1	0
297	1	34	8.7	0	1
298	3	48	1.5	1	1
299	0	51	2.7	0	0
300	2	21	8.3	0	0
301	2	33	1.8	0	0
302	1	24	8.9	1	1
303	3	11	9.5	1	1
304	1	31	3.2	0	0
305	0	35	8.9	0	0
306	0	26	3.6	0	1
307	1	47	1.1	1	1
308	2	25	6.9	1	0
309	0	43	9.1	1	0
310	2	44	6.6	1	1
311	2	53	6.9	0	1
312	2	15	4.2	0	1
313	1	34	2.9	0	0
314	2	17	8.9	1	0
315	1	26	6.7	0	0
316	1	49	8.9	1	1
317	1	56	1.8	0	1
318	1	14	7.7	0	0
319	1	51	9.8	1	0
320	0	36	8.2	0	0
321	1	54	1.4	0	0
322	1	27	8.7	0	1
323	1	25	1.9	0	1
324	0	59	4.2	0	1
325	0	35	9.3	1	0
326	0	44	9.7	0	0
327	1	48	6.5	1	0
328	0	43	4.8	0	1
329	0	33	7.0	1	0
330	3	21	7.1	1	1
331	2	45	1.5	1	1
332	0	26	4.0	0	1
333	3	28	7.7	1	0
334	1	36	8.1	0	0
335	0	38	6.4	0	1
336	3	12	5.6	0	0
337	0	27	3.5	0	0
338	0	30	4.4	0	1
339	0	47	5.3	0	0
340	2	42	6.3	1	1
341	4	21	9.8	1	1
342	1	14	6.1	0	1
343	0	60	5.2	0	1
344	0	59	2.4	0	0
345	3	22	2.2	0	1
346	2	41	1.7	1	1
347	2	18	9.2	0	0
348	1	41	6.4	0	1
349	2	14	8.8	0	0
350	2	21	1.5	0	0
351	1	26	1.0	0	0
352	1	50	5.6	0	1
353	0	51	6.6	1	0
354	1	53	7.6	0	1
355	3	20	3.0	1	1
356	2	52	2.2	1	0
357	0	55	9.0	0	0
358	3	27	7.8	1	1
359	3	23	6.6	0	0
360	1	47	7.3	0	1
361	1	26	1.2	1	0
362	0	43	9.2	0	1
363	0	40	2.6	1	0
364	1	58	3.4	0	1
365	3	20	3.4	0	1
366	0	44	7.1	0	1
367	2	27	6.5	1	0
368	1	49	3.6	1	0
369	2	43	9.5	0	1
370	2	17	3.9	0	0
371	0	37	10.0	0	0
372	0	37	6.8	0	0
373	2	13	6.6	0	1
374	2	28	1.3	1	0
375	2	32	9.0	1	1
376	5	23	7.6	1	0
377	1	18	8.1	0	1
378	0	48	8.3	1	1
379	4	44	2.1	1	1
380	0	51	9.1	0	1
381	1	45	4.7	1	0
382	1	31	9.9	0	1
383	0	28	6.1	0	0
384	2	39	4.4	1	1
385	2	39	4.6	1	0
386	0	28	9.2	0	1
387	1	29	9.7	1	1
388	1	55	6.3	1	0
389	4	10	8.1	1	1
390	2	14	2.3	0	1
391	1	12	3.1	0	0
392	4	16	1.3	1	1
393	0	39	6.9	0	0
394	3	11	1.4	1	0
395	0	50	8.9	0	0
396	4	11	1.3	1	1
397	2	29	1.3	1	1
398	0	31	9.8	1	0
399	0	29	3.4	0	0
400	2	37	3.6	0	1
401	0	59	7.3	0	0
402	2	19	4.6	0	1
403	3	25	4.1	0	1
404	3	11	4.6	1	1
405	0	46	4.7	0	1
406	1	42	7.9	0	1
407	0	25	7.0	0	0
408	1	38	9.6	1	0
409	1	36	2.0	1	0
410	1	36	2.3	1	1
411	2	15	8.7	1	0
412	5	12	4.9	1	1
413	3	32	7.1	1	0
414	0	58	7.8	0	0
415	4	44	3.0	1	1
416	0	23	8.1	0	1
417	1	54	6.3	0	1
418	1	25	6.6	0	1
419	2	52	7.0	1	1
420	0	26	4.6	0	1
421	0	57	1.5	1	1
422	3	26	1.0	1	1
423	1	59	2.2	0	0
424	0	57	4.3	0	0
425	1	12	1.1	0	1
426	3	23	7.5	0	1
427	1	50	6.4	0	0
428	3	23	6.1	1	1
429	2	40	1.7	1	0
430	2	12	5.9	1	0
431	2	15	2.9	0	1
432	0	53	3.7	0	0
433	0	43	6.0	1	1
434	0	37	6.8	0	0
435	1	59	8.4	1	1
436	1	38	3.1	0	1
437	3	24	1.7	0	1
438	3	24	1.6	0	0
439	4	22	3.3	0	1
440	1	54	2.7	1	1
441	2	40	4.6	1	1
442	3	11	7.6	0	1
443	1	48	9.9	1	1
444	4	12	4.8	1	1
445	0	38	7.6	0	0
446	0	48	5.6	1	1
447	1	25	9.6	1	0
448	1	51	7.2	0	1
449	0	57	3.0	1	1
450	2	32	5.3	0	1
451	2	10	1.1	0	1
452	1	45	9.2	1	0
453	3	25	6.1	1	0
454	0	25	6.7	0	0
455	2	28	4.6	0	1
456	2	12	1.7	1	1
457	1	36	8.2	1	1
458	0	45	2.0	0	1
459	2	23	9.2	1	1
460	0	44	2.7	0	1
461	0	60	1.6	0	0
462	0	11	4.2	0	0
463	2	40	3.5	0	1
464	1	58	8.8	0	1
465	3	49	4.1	0	1
466	0	44	6.2	1	1
467	1	45	2.7	1	0
468	0	38	1.0	1	1
469	2	34	9.5	0	1
470	1	33	8.6	1	1
471	3	15	2.2	1	1
472	3	36	9.3	1	1
473	0	51	5.7	1	0
474	2	11	4.1	0	1
475	2	51	7.4	0	0
476	2	14	9.1	0	1
477	1	10	9.4	0	0
478	1	55	7.7	1	1
479	1	45	8.6	0	0
480	4	46	1.9	1	1
481	3	14	4.0	0	0
482	3	51	3.8	1	1
483	1	38	9.4	1	1
484	2	37	9.7	0	0
485	0	52	2.3	0	1
486	1	18	7.5	0	0
487	2	31	1.9	0	0
488	1	20	7.9	0	0
489	3	20	5.6	1	0
490	2	33	7.3	1	1
491	3	19	1.7	1	0
492	0	45	1.8	1	0
493	3	11	4.6	1	1
494	4	19	1.0	1	1
495	0	27	4.7	0	0
496	1	34	7.7	0	1
497	3	31	8.8	0	1
498	0	53	7.7	0	0
499	1	14	7.4	0	1
500	2	27	4.4	0	0
501	1	38	2.4	0	1
502	1	26	5.6	1	0
503	3	36	4.1	0	0
504	1	19	4.0	0	0
505	1	33	2.0	1	1
506	2	43	3.1	1	1
507	2	51	8.6	1	0
508	0	46	8.7	1	0
509	2	53	1.6	1	0
510	4	36	8.2	1	1
511	1	57	7.0	1	1
512	1	55	3.0	1	1
513	0	43	1.9	1	0
514	1	41	4.9	0	0
515	0	48	7.7	0	1
516	2	10	7.0	1	0
517	3	31	6.7	1	1
518	0	49	7.8	0	0
519	2	56	7.5	0	0
520	1	32	8.0	1	0
521	0	57	9.2	0	1
522	0	33	9.5	1	1
523	2	17	9.8	1	0
524	3	40	1.8	1	1
525	2	29	9.0	0	1
526	3	16	1.6	1	0
527	1	56	8.5	0	1
528	1	47	8.4	1	0
529	3	20	9.3	1	0
530	1	52	9.9	1	0
531	1	37	9.7	1	0
532	1	54	4.7	1	1
533	1	28	3.7	0	0
534	0	40	7.6	1	0
535	2	18	1.1	0	0
536	2	53	8.3	0	1
537	1	34	7.7	1	0
538	2	32	3.2	0	0
539	0	26	5.0	0	0
540	0	34	8.9	0	1
541	0	50	2.5	0	1
542	2	11	3.4	0	0
543	1	53	4.3	1	0
544	2	35	7.6	1	0
545	0	51	2.3	0	0
546	2	19	3.1	1	0
547	2	13	8.6	0	1
548	1	38	2.4	0	1
549	2	39	3.2	1	1
550	0	36	4.5	1	0
551	1	53	5.6	1	1
552	1	26	2.4	0	1
553	3	11	9.8	1	0
554	0	43	5.8	0	0
555	1	44	5.9	0	1
556	4	26	9.0	1	1
557	3	28	2.9	1	1
558	0	56	1.4	0	0
559	2	12	9.5	0	0
560	1	20	1.6	1	0
561	1	37	5.2	0	1
562	0	25	7.8	0	1
563	1	18	3.9	0	0
564	2	19	7.6	0	1
565	3	34	3.2	1	1
566	3	15	7.5	0	1
567	3	25	1.1	0	1
568	3	24	3.2	1	1
569	0	53	8.8	0	1
570	0	43	9.1	0	0
571	0	13	7.8	0	0
572	2	28	4.5	0	0
573	1	46	6.1	1	0
574	2	15	8.8	0	1
575	0	53	2.8	1	0
576	2	32	4.0	0	1
577	0	38	9.2	0	0
578	2	41	7.7	1	1
579	3	18	4.9	0	1
580	2	41	9.9	0	0
581	2	26	9.9	1	0
582	1	35	6.4	0	1
583	0	47	7.1	0	0
584	3	28	4.9	1	0
585	2	30	1.1	0	0
586	1	56	3.6	1	1
587	2	47	8.2	0	1
588	3	56	5.9	1	1
589	2	11	1.6	0	1
590	2	37	4.9	0	1
591	2	23	6.1	1	0
592	2	45	4.3	1	0
593	2	35	3.6	1	1
594	1	48	1.3	0	0
595	0	59	4.9	0	0
596	2	32	3.3	0	0
597	4	12	4.7	1	1
598	4	21	3.0	0	1
599	1	21	2.4	0	1
600	1	46	7.6	1	0
601	0	49	1.4	0	0
602	1	56	2.4	1	1
603	0	56	3.6	0	0
604	0	58	6.1	0	0
605	3	35	1.2	1	1
606	1	47	7.5	1	1
607	0	56	9.0	0	0
608	0	57	9.2	0	0
609	2	30	1.1	0	1
610	0	46	2.3	1	0
611	1	18	6.3	1	1
612	1	40	1.1	1	0
613	0	53	4.6	1	1
614	2	43	8.2	0	1
615	1	41	8.0	1	1
616	3	13	5.1	1	1
617	0	52	8.8	0	1
618	2	21	1.5	0	1
619	0	52	5.9	1	0
620	3	25	6.7	1	1
621	1	58	8.6	1	0
622	1	13	7.0	0	0
623	2	54	2.5	1	1
624	2	40	5.1	1	0
625	0	20	7.4	0	0
626	1	28	6.0	1	0
627	0	57	3.6	1	0
628	1	44	5.5	0	0
629	2	38	5.9	1	1
630	2	41	6.5	0	1
631	2	47	6.3	0	1
632	0	34	2.4	1	0
633	0	54	9.8	0	1
634	1	52	4.1	1	1
635	0	46	2.2	0	0
636	0	58	4.2	1	1
637	0	27	9.6	0	0
638	4	16	7.0	1	0
639	1	47	6.1	1	0
640	2	50	8.1	1	1
641	0	47	9.4	0	0
642	1	43	6.5	0	1
643	2	29	1.2	0	1
644	3	22	2.8	1	0
645	3	15	6.3	1	1
646	2	58	2.8	1	1
647	1	25	2.5	0	1
648	1	30	7.1	1	1
649	1	21	4.9	0	0
650	1	44	2.8	0	1
651	2	40	3.6	1	0
652	2	53	2.2	1	1
653	1	29	9.4	0	1
654	1	55	6.2	1	1
655	2	48	2.3	0	0
656	4	18	1.7	0	1
657	1	38	6.8	1	0
658	4	13	1.4	1	0
659	4	44	1.8	1	0
660	2	34	9.5	1	0
661	3	14	3.5	1	1
662	1	29	4.4	1	0
663	1	14	6.9	0	1
664	1	25	8.0	0	0
665	1	59	5.7	1	0
666	2	17	3.0	0	1
667	1	59	5.4	1	0
668	3	13	4.7	1	0
669	2	35	7.2	1	1
670	2	16	1.9	0	1
671	0	39	6.8	0	1
672	4	12	8.0	1	1
673	0	38	7.9	0	0
674	1	29	9.7	1	0
675	1	55	4.0	0	1
676	2	47	8.3	1	0
677	1	59	4.0	0	1
678	2	46	4.9	1	0
679	1	58	2.1	0	1
680	0	40	3.0	0	0
681	0	47	1.5	1	1
682	2	13	5.4	0	0
683	0	45	9.0	0	1
684	2	52	7.0	1	0
685	1	28	3.1	0	0
686	1	18	3.7	0	0
687	0	51	6.3	1	1
688	3	55	5.0	1	0
689	0	24	8.4	0	0
690	1	17	2.7	1	1
691	4	27	3.6	1	0
692	0	35	1.2	0	1
693	1	55	6.1	1	1
694	3	13	7.3	1	1
695	3	11	5.0	1	1
696	1	19	5.0	0	1
697	1	12	8.9	1	0
698	2	52	7.1	1	0
699	1	41	4.7	0	0
700	0	56	7.5	1	0
701	2	59	1.2	0	1
702	2	45	1.8	1	0
703	0	47	7.6	0	1
704	2	21	5.9	0	1
705	3	42	7.5	1	0
706	0	56	7.1	0	1
707	2	39	7.7	1	1
708	1	39	9.8	1	1
709	2	36	2.9	1	1
710	0	25	2.1	0	0
711	2	25	9.5	1	1
712	0	50	7.0	0	1
713	0	25	4.7	0	1
714	3	31	7.2	1	0
715	2	14	4.1	0	0
716	0	56	8.0	0	0
717	2	36	3.1	0	1
718	0	34	9.1	0	0
719	1	44	9.3	0	0
720	1	13	6.6	1	0
721	3	24	4.5	1	0
722	2	14	2.9	1	1
723	2	18	8.6	0	0
724	0	19	2.9	0	0
725	3	37	7.6	1	0
726	2	27	7.9	1	1
727	3	14	1.4	1	1
728	0	45	2.7	0	1
729	0	54	7.3	0	0
730	0	55	1.8	0	0
731	0	58	8.6	0	0
732	3	28	1.2	1	1
733	3	45	8.0	1	0
734	0	34	6.0	1	0
735	0	43	9.9	0	1
736	3	18	6.6	0	1
737	0	53	8.0	1	0
738	2	48	1.8	1	1
739	2	37	9.5	1	1
740	1	30	2.3	0	1
741	1	33	5.4	0	1
742	3	26	2.7	1	1
743	0	58	1.8	0	1
744	0	33	9.7	0	0
745	0	58	4.2	0	0
746	0	54	3.3	0	0
747	1	28	8.1	1	1
748	1	52	5.2	1	1
749	1	60	9.6	1	0
750	0	53	6.9	0	1
751	5	14	2.3	1	1
752	0	38	7.2	0	0
753	1	55	1.8	1	0
754	2	35	3.6	1	1
755	0	60	2.5	1	0
756	0	32	2.3	0	1
757	2	25	8.6	0	1
758	1	31	8.1	0	1
759	1	27	6.3	0	0
760	4	10	1.4	1	1
761	1	39	7.0	0	0
762	2	20	4.3	0	1
763	2	37	9.7	1	1
764	0	35	4.7	0	0
765	0	55	8.0	0	0
766	1	30	8.1	0	1
767	4	15	3.8	0	1
768	0	20	8.7	0	0
769	0	55	1.2	0	1
770	2	40	5.7	1	1
771	0	45	4.4	0	1
772	1	52	6.9	1	0
773	0	45	8.4	1	0
774	0	59	7.5	0	1
775	4	15	2.7	0	1
776	1	11	2.8	1	0
777	0	27	3.1	0	0
778	4	20	5.7	0	1
779	0	44	7.7	1	0
780	1	25	8.6	1	1
781	2	16	1.5	0	1
782	0	58	6.2	0	1
783	1	49	7.9	1	0
784	2	29	5.5	1	0
785	2	28	4.1	0	1
786	2	23	3.7	1	1
787	0	54	1.8	0	0
788	0	46	2.7	0	1
789	2	32	8.4	1	1
790	2	46	6.8	0	1
791	1	27	9.4	0	1
792	0	32	3.6	0	0
793	2	23	7.7	0	0
794	0	50	7.7	0	1
795	3	18	7.5	0	1
796	3	13	9.0	0	0
797	2	19	2.0	1	1
798	1	46	1.9	0	0
799	1	17	4.6	0	0
800	0	56	4.2	1	0
801	2	30	5.0	1	0
802	0	28	6.8	1	1
803	0	51	5.8	0	1
804	1	56	1.0	1	1
805	2	16	6.0	1	0
806	2	15	3.5	1	1
807	0	45	1.9	1	0
808	3	11	8.6	0	0
809	0	45	9.8	1	1
810	1	31	6.9	0	1
811	1	47	4.4	1	1
812	0	45	8.6	0	0
813	0	35	1.8	0	0
814	0	37	2.5	0	0
815	0	58	4.4	0	0
816	3	14	7.0	0	1
817	2	21	2.6	0	0
818	0	29	9.2	0	0
819	0	60	3.2	1	0
820	0	43	6.1	1	0
821	0	42	4.2	0	1
822	3	12	6.5	1	0
823	1	22	5.9	1	1
824	1	28	3.8	0	0
825	0	42	6.8	0	1
826	0	53	9.3	1	1
827	1	43	6.1	1	0
828	1	35	5.4	0	0
829	2	28	1.1	0	0
830	1	58	7.8	1	1
831	2	33	5.3	1	1
832	1	57	9.1	0	0
833	1	38	8.0	1	0
834	1	25	4.5	1	0
835	1	25	4.9	1	0
836	0	55	5.8	1	0
837	1	32	1.8	0	0
838	2	27	7.2	0	0
839	0	32	3.1	0	0
840	0	59	7.5	1	0
841	3	49	6.0	1	1
842	1	26	9.9	0	0
843	0	49	2.1	0	0
844	1	34	2.5	0	1
845	0	44	2.4	1	0
846	2	40	5.4	0	1
847	2	48	7.4	1	1
848	1	29	4.7	0	0
849	1	25	7.9	0	0
850	3	13	8.7	0	1
851	3	38	3.2	1	1
852	0	56	2.8	1	1
853	0	37	4.4	0	0
854	3	18	5.3	1	1
855	3	21	6.9	1	1
856	0	59	5.3	0	1
857	1	46	8.1	1	0
858	2	34	1.5	0	0
859	1	16	7.3	0	1
860	1	17	8.6	1	1
861	1	26	2.5	0	1
862	0	50	3.7	1	1
863	2	27	6.4	1	0
864	1	33	5.3	0	0
865	2	44	1.4	1	1
866	2	28	4.6	1	0
867	2	51	2.8	0	1
868	2	14	5.7	0	0
869	2	21	1.5	0	1
870	2	31	4.9	0	0
871	1	24	6.2	0	0
872	3	32	1.5	0	1
873	0	49	8.2	0	1
874	0	40	5.8	1	0
875	4	20	9.5	1	1
876	1	52	3.8	1	1
877	2	54	1.8	1	0
878	2	34	3.4	1	1
879	0	22	1.4	0	1
880	2	31	9.3	1	1
881	0	36	1.9	0	1
882	1	24	7.3	0	0
883	1	38	2.2	0	0
884	3	37	6.1	0	1
885	0	31	8.6	0	0
886	1	30	2.5	0	0
887	1	54	9.6	0	0
888	1	21	9.5	1	1
889	1	55	2.3	0	1
890	0	30	9.4	0	1
891	4	43	1.6	1	1
892	0	55	2.3	0	0
893	0	36	5.8	0	0
894	0	52	9.7	0	0
895	2	14	4.5	1	0
896	2	28	6.2	1	0
897	0	50	2.5	1	0
898	2	39	1.0	1	1
899	3	14	2.0	1	0
900	2	19	8.0	0	0
901	0	29	6.4	0	0
902	3	20	5.3	0	0
903	0	19	4.6	0	1
904	0	58	1.7	0	1
905	2	41	2.3	1	0
906	1	18	8.4	1	0
907	1	58	9.5	1	0
908	3	20	9.7	1	1
909	1	58	2.7	0	1
910	0	54	1.2	1	0
911	3	32	1.4	1	0
912	1	18	8.6	1	1
913	0	59	5.6	1	0
914	3	19	8.8	0	1
915	4	11	1.8	1	1
916	3	12	1.8	0	0
917	1	47	2.7	0	1
918	1	26	6.5	1	1
919	1	44	6.4	0	1
920	1	16	5.2	1	0
921	1	26	9.9	1	0
922	0	56	3.0	0	1
923	1	60	4.9	1	1
924	1	54	7.2	0	1
925	1	12	9.1	1	1
926	3	44	5.8	1	0
927	0	57	5.7	0	0
928	1	44	7.5	1	0
929	2	11	4.6	0	1
930	3	30	7.5	0	1
931	1	46	6.7	1	1
932	1	27	5.6	1	1
933	0	57	2.2	0	0
934	0	57	7.1	0	1
935	1	27	7.8	1	0
936	2	35	3.5	1	1
937	2	13	6.7	1	0
938	2	19	5.2	1	1
939	2	22	6.1	0	0
940	2	19	6.3	1	0
941	1	32	6.6	0	0
942	2	16	4.5	1	0
943	0	59	6.7	0	1
944	2	23	8.9	1	1
945	1	55	2.8	0	1
946	0	24	8.0	0	1
947	1	26	1.3	0	0
948	0	44	8.9	0	0
949	1	27	5.5	0	0
950	0	22	5.7	0	0
951	2	10	4.1	0	0
952	0	30	8.1	0	1
953	0	49	4.2	0	0
954	1	39	5.5	1	1
955	2	15	7.3	0	0
956	2	43	9.1	1	1
957	3	31	7.7	1	1
958	3	14	1.2	0	1
959	2	57	5.5	1	1
960	3	49	7.6	1	1
961	3	23	4.7	0	0
962	0	43	8.5	1	0
963	0	38	8.3	1	0
964	1	14	5.0	1	0
965	1	50	8.9	1	1
966	0	34	2.5	1	0
967	1	45	8.0	0	0
968	2	28	1.3	1	0
969	4	16	7.0	1	1
970	1	19	9.4	0	1
971	0	36	3.5	0	0
972	3	20	7.4	0	0
973	0	49	2.1	0	1
974	1	13	4.3	1	0
975	1	49	4.5	1	0
976	1	54	7.5	0	0
977	3	14	6.4	1	1
978	3	26	3.8	1	0
979	3	15	9.3	1	0
980	1	20	1.1	0	1
981	0	40	1.6	1	1
982	3	29	3.4	1	1
983	1	32	4.5	0	1
984	0	31	6.7	0	1
985	3	10	7.5	1	0
986	1	36	1.2	1	0
987	1	59	4.7	1	1
988	0	49	5.4	1	1
989	1	31	4.6	0	0
990	1	60	7.7	1	0
991	2	11	2.5	0	0
992	3	59	1.3	1	1
993	2	22	5.3	1	0
994	1	18	2.8	0	1
995	4	10	7.2	1	0
996	3	11	3.2	0	0
997	1	57	4.6	1	0
998	1	33	5.0	0	1
999	0	50	6.3	0	1
1000	3	20	6.2	0	1
1001	3	11	2.5	1	0
1002	1	38	3.0	1	0
1003	0	51	2.5	0	0
1004	2	20	5.4	1	0
1005	1	37	1.9	1	0
1006	3	19	6.2	1	1
1007	1	34	9.8	0	0
1008	3	22	1.2	1	0
1009	2	36	8.6	1	0
1010	1	53	3.2	1	1
1011	3	43	5.2	1	1
1012	2	13	2.6	0	1
1013	1	52	8.0	1	0
1014	0	49	3.6	1	0
1015	2	52	10.0	1	1
1016	1	58	3.9	1	1
1017	3	12	8.6	1	1
1018	2	54	9.3	1	0
1019	3	27	1.9	1	1
1020	0	53	7.0	0	0
1021	3	14	6.4	0	0
1022	0	53	7.0	0	1
1023	2	25	1.8	1	0
1024	2	16	1.1	0	0
1025	2	20	4.3	1	1
1026	2	46	2.8	1	1
1027	0	59	4.1	1	0
1028	1	56	8.0	1	1
1029	1	41	8.6	0	0
1030	2	13	6.9	0	0
1031	0	49	1.6	1	0
1032	0	58	9.8	0	1
1033	2	25	7.9	0	0
1034	2	54	2.7	0	1
1035	4	13	7.3	1	1
1036	3	33	2.3	1	0
1037	2	30	8.9	0	0
1038	2	27	6.0	1	0
1039	3	11	4.2	1	0
1040	0	45	4.7	1	0
1041	0	19	5.3	0	0
1042	2	13	9.2	0	0
1043	2	32	8.8	1	1
1044	1	38	8.5	0	1
1045	0	39	4.7	0	0
1046	0	50	7.2	0	0
1047	1	57	1.9	1	1
1048	2	36	3.2	0	0
1049	0	58	7.1	1	0
1050	0	48	1.3	0	1
1051	1	41	6.8	1	0
1052	1	12	7.6	0	0
1053	2	16	2.8	1	0
1054	1	59	5.8	0	0
1055	3	22	7.0	1	1
1056	1	16	2.2	0	1
1057	3	13	5.2	1	0
1058	1	35	1.5	0	1
1059	0	49	9.5	0	0
1060	1	43	8.8	0	1
1061	2	35	9.4	1	1
1062	1	26	1.3	1	0
1063	2	29	4.9	1	1
1064	4	21	6.0	1	1
1065	0	25	8.9	1	0
1066	1	12	4.6	1	0
1067	1	56	3.4	1	0
1068	3	16	3.1	1	1
1069	1	53	2.9	1	0
1070	0	56	4.5	0	0
1071	1	31	4.5	0	0
1072	2	55	5.8	1	0
1073	3	12	5.8	0	0
1074	3	31	9.8	1	1
1075	0	41	1.3	0	0
1076	2	32	8.0	1	0
1077	0	59	6.4	1	0
1078	2	55	3.7	1	1
1079	2	17	8.4	0	1
1080	1	60	6.4	0	0
1081	0	28	6.2	0	1
1082	3	18	5.7	0	1
1083	0	14	3.0	0	1
1084	1	19	2.6	0	0
1085	0	59	4.6	1	0
1086	0	59	4.8	0	0
1087	2	33	6.0	1	0
1088	0	50	9.3	0	0
1089	1	32	5.5	0	0
1090	3	45	7.5	1	0
1091	3	28	9.7	1	0
1092	0	44	1.0	0	0
1093	3	20	9.0	1	1
1094	2	32	4.7	1	1
1095	0	43	5.3	0	0
1096	1	27	2.7	1	0
1097	1	36	3.3	1	1
1098	0	30	2.2	1	0
1099	1	45	7.8	0	0
1100	1	35	9.4	1	0
1101	0	18	8.8	0	1
1102	0	52	5.6	0	0
1103	0	49	5.5	1	0
1104	1	54	9.6	1	1
1105	2	49	1.5	1	0
1106	2	29	6.5	0	1
1107	2	12	6.8	1	0
1108	4	15	9.7	1	1
1109	0	25	6.7	0	0
1110	2	45	6.0	0	1
1111	2	23	3.3	0	1
1112	3	11	8.4	0	1
1113	2	17	7.8	0	0
1114	0	41	3.4	0	1
1115	2	20	6.0	1	1
1116	0	21	3.5	0	0
1117	1	30	9.4	1	1
1118	1	42	9.0	1	1
1119	3	16	9.5	0	1
1120	0	39	7.0	0	1
1121	2	10	2.8	0	1
1122	3	24	7.5	1	1
1123	0	30	7.2	0	1
1124	3	14	8.8	1	0
1125	1	37	5.4	1	0
1126	0	58	3.4	1	0
1127	2	15	8.1	0	1
1128	1	37	7.2	0	0
1129	1	32	9.3	1	1
1130	4	12	3.6	1	1
1131	2	27	8.5	0	0
1132	1	53	2.1	0	0
1133	2	23	7.4	0	1
1134	1	29	4.3	1	0
1135	2	47	2.6	0	0
1136	0	31	3.8	1	1
1137	0	29	2.4	1	0
1138	3	11	8.5	1	1
1139	1	39	6.7	1	0
1140	2	16	6.4	1	0
1141	1	59	3.4	1	0
1142	0	45	9.3	0	0
1143	0	16	7.5	0	0
1144	3	11	9.7	0	1
1145	1	48	8.1	0	0
1146	3	51	6.5	1	1
1147	2	24	8.7	0	0
1148	3	30	6.1	1	1
1149	1	38	3.8	1	0
1150	4	18	5.8	1	0
1151	3	39	3.4	1	0
1152	0	58	5.2	0	1
1153	0	59	7.4	0	1
1154	1	50	4.8	0	1
1155	1	15	7.4	0	1
1156	1	59	5.2	1	1
1157	0	60	9.4	0	0
1158	2	24	1.8	0	0
1159	2	27	7.2	1	0
1160	1	49	4.6	0	0
1161	0	19	7.6	0	0
1162	0	27	5.3	0	0
1163	1	51	2.0	0	1
1164	1	44	7.3	0	1
1165	1	33	4.8	0	1
1166	2	38	7.7	1	1
1167	2	12	6.5	1	0
1168	0	47	7.3	1	0
1169	0	32	3.3	0	0
1170	3	26	8.4	1	1
1171	1	41	4.6	1	1
1172	0	37	5.0	0	0
1173	1	31	6.9	1	1
1174	2	39	9.0	1	0
1175	4	10	4.5	1	1
1176	1	32	4.0	0	1
1177	0	52	6.9	1	0
1178	2	29	3.1	1	0
1179	0	60	2.1	0	1
1180	2	14	8.9	0	0
1181	1	52	9.5	1	1
1182	3	17	4.5	1	0
1183	0	37	4.3	0	0
1184	0	49	5.1	0	0
1185	2	13	5.4	0	0
1186	1	21	1.5	0	1
1187	3	39	5.0	1	1
1188	0	46	7.5	0	0
1189	2	33	5.3	0	1
1190	4	27	7.5	1	1
1191	2	35	3.7	0	1
1192	2	48	6.3	1	1
1193	1	37	6.9	0	1
1194	2	30	7.0	1	0
1195	0	46	8.0	0	1
1196	3	17	9.3	1	0
1197	1	22	8.2	0	1
1198	1	33	1.2	0	1
1199	0	60	9.6	0	0
1200	1	44	6.7	0	1
1201	4	19	8.0	1	1
1202	3	15	4.2	0	0
1203	0	55	3.1	1	0
1204	1	45	3.1	1	1
1205	3	42	2.4	1	1
1206	2	35	9.0	1	0
1207	0	39	4.5	0	1
1208	1	24	6.2	0	1
1209	2	27	6.0	0	1
1210	3	31	2.1	1	1
1211	1	39	5.1	0	1
1212	1	47	3.7	1	0
1213	3	19	7.0	1	1
1214	1	26	5.9	1	1
1215	1	53	8.0	1	0
1216	0	60	5.8	0	1
1217	0	47	6.4	0	1
1218	2	58	2.9	1	0
1219	3	42	1.0	1	1
1220	2	21	9.4	1	0
1221	2	14	1.5	0	1
1222	3	11	8.8	0	1
1223	3	13	3.2	0	1
1224	2	17	1.8	0	1
1225	2	26	3.2	1	0
1226	1	56	8.4	0	1
1227	1	45	5.4	1	1
1228	1	24	6.2	0	0
1229	1	15	2.0	0	0
1230	4	29	6.5	0	0
1231	1	19	3.1	0	1
1232	1	26	4.4	0	0
1233	0	56	4.7	0	0
1234	2	34	1.3	0	1
1235	0	41	6.4	0	0
1236	3	20	2.2	1	1
1237	1	44	6.8	0	0
1238	1	56	6.2	1	0
1239	1	33	1.4	0	0
1240	4	14	3.6	1	0
1241	3	21	7.7	1	1
1242	1	46	5.0	1	0
1243	1	13	9.9	0	1
1244	1	52	2.8	1	1
1245	0	53	6.1	1	1
1246	1	43	9.2	1	1
1247	0	58	5.8	1	0
1248	0	44	1.5	0	0
1249	1	34	9.3	1	0
1250	2	46	7.4	1	1
1251	1	52	6.6	1	1
1252	0	57	3.6	1	0
1253	2	51	9.9	1	1
1254	0	55	2.5	1	0
1255	2	57	4.8	0	1
1256	2	17	8.6	1	0
1257	1	46	6.8	0	1
1258	0	59	2.3	0	1
1259	0	45	9.1	0	0
1260	2	38	3.3	0	0
1261	0	24	2.4	0	1
1262	1	58	7.8	0	1
1263	1	31	8.3	0	0
1264	0	41	4.9	0	0
1265	0	29	7.1	0	0
1266	4	20	1.2	0	1
1267	4	24	5.0	1	1
1268	1	23	5.3	0	1
1269	2	32	6.9	1	1
1270	3	20	3.4	0	1
1271	0	57	7.2	1	1
1272	3	34	4.9	1	0
1273	2	12	9.1	0	0
1274	0	33	8.8	1	0
1275	2	38	3.9	0	0
1276	2	57	3.1	1	1
1277	2	47	2.6	1	1
1278	1	17	9.3	1	0
1279	3	30	7.3	1	1
1280	1	17	8.1	0	1
1281	0	35	6.4	0	0
1282	2	10	9.6	0	0
1283	2	42	9.0	1	0
1284	1	50	4.0	1	1
1285	3	23	8.2	1	0
1286	1	43	4.1	1	0
1287	2	51	2.6	1	0
1288	0	57	3.0	0	1
1289	3	28	1.9	1	0
1290	0	45	1.3	0	0
1291	2	13	2.6	0	1
1292	3	12	6.2	1	1
1293	2	53	6.4	1	1
1294	3	46	7.0	1	1
1295	2	35	5.1	1	1
1296	0	42	7.3	1	0
1297	1	39	2.0	1	0
1298	2	15	2.0	1	0
1299	1	55	5.6	0	1
1300	4	23	1.1	1	0
1301	2	17	5.3	0	1
1302	0	50	7.0	0	1
1303	0	55	4.9	0	0
1304	1	57	7.8	1	0
1305	3	21	3.3	0	1
1306	3	19	3.5	1	1
1307	0	37	7.3	0	0
1308	1	41	9.9	0	1
1309	1	11	3.3	0	0
1310	0	58	2.5	0	0
1311	2	22	1.5	0	1
1312	2	23	2.4	0	0
1313	2	23	6.0	1	0
1314	0	48	9.3	0	0
1315	1	24	5.7	0	1
1316	2	22	5.1	1	0
1317	1	46	3.2	1	1
1318	0	56	1.4	0	0
1319	0	31	1.7	1	0
1320	3	26	5.9	1	0
1321	2	15	7.0	0	1
1322	0	55	9.5	1	1
1323	1	18	4.8	1	1
1324	3	17	4.0	1	1
1325	0	51	7.7	1	0
1326	0	38	7.2	1	0
1327	1	41	7.1	1	0
1328	2	37	6.0	1	1
1329	0	25	3.9	0	0
1330	1	43	6.0	1	0
1331	2	38	4.1	1	0
1332	0	56	9.4	0	1
1333	3	30	8.3	1	1
1334	0	44	6.1	1	1
1335	0	48	7.8	0	1
1336	2	22	6.8	1	0
1337	0	37	2.0	0	0
1338	2	21	5.9	0	1
1339	1	13	7.2	0	1
1340	1	47	9.1	1	1
1341	0	49	7.2	0	0
1342	2	27	5.3	1	0
1343	0	22	4.0	0	0
1344	2	17	8.4	1	0
1345	2	16	8.4	1	1
1346	2	46	5.5	0	1
1347	1	34	5.5	0	1
1348	0	15	6.9	0	0
1349	2	11	3.2	1	1
1350	0	60	1.2	0	1
1351	1	52	5.4	0	0
1352	0	31	6.4	0	0
1353	2	43	8.9	0	0
1354	0	33	3.3	0	1
1355	0	50	8.0	0	0
1356	0	58	4.1	0	0
1357	0	34	5.0	0	0
1358	3	36	3.4	1	0
1359	2	23	7.6	1	0
1360	3	31	2.2	0	0
1361	0	43	9.0	1	0
1362	1	18	7.8	1	1
1363	0	52	7.7	0	0
1364	0	34	1.7	1	1
1365	3	11	7.1	1	1
1366	2	31	3.8	0	0
1367	0	39	9.1	1	0
1368	3	35	2.7	0	1
1369	2	38	8.2	1	1
1370	0	57	2.2	0	1
1371	2	31	1.1	1	0
1372	3	41	4.3	0	1
1373	3	11	2.2	1	0
1374	2	14	1.7	0	1
1375	2	41	7.4	1	1
1376	0	43	3.4	0	0
1377	1	36	2.8	0	1
1378	1	50	6.2	1	1
1379	1	35	8.8	1	0
1380	3	11	6.7	1	0
1381	1	37	6.3	0	1
1382	0	40	4.6	0	0
1383	2	14	9.1	0	0
1384	5	14	4.6	1	1
1385	3	32	6.8	1	0
1386	2	32	2.0	1	1
1387	1	53	3.3	1	0
1388	1	12	6.5	0	0
1389	3	16	4.0	0	0
1390	2	38	8.6	1	1
1391	2	50	2.0	1	1
1392	1	45	5.9	0	1
1393	1	46	6.1	1	1
1394	1	32	9.6	0	1
1395	0	18	9.9	1	0
1396	0	51	5.9	1	1
1397	0	55	2.6	0	1
1398	2	52	6.7	1	1
1399	3	42	2.7	1	1
1400	1	18	5.5	1	1
1401	1	46	7.7	1	0
1402	0	30	3.3	1	0
1403	3	42	3.3	1	1
1404	0	52	8.5	1	1
1405	3	21	2.4	0	1
1406	0	53	7.0	0	1
1407	2	16	5.4	0	0
1408	1	46	3.2	1	1
1409	1	29	1.8	0	0
1410	0	34	5.0	0	0
1411	4	10	2.1	0	0
1412	1	44	5.8	0	1
1413	0	30	5.1	0	0
1414	3	42	9.9	1	0
1415	3	21	2.0	0	0
1416	0	19	4.9	0	0
1417	1	39	1.7	1	0
1418	2	18	9.5	1	0
1419	2	35	8.3	1	1
1420	0	54	5.3	1	0
1421	1	29	6.1	1	1
1422	1	24	7.8	1	1
1423	0	49	6.8	0	1
1424	0	42	7.8	1	1
1425	3	17	5.9	0	0
1426	1	30	5.1	0	1
1427	2	49	4.0	1	0
1428	0	29	8.4	0	1
1429	3	24	5.5	1	0
1430	0	33	7.1	0	1
1431	2	51	1.4	1	1
1432	0	54	4.3	0	0
1433	1	14	6.8	0	0
1434	0	37	4.4	0	0
1435	0	27	2.6	0	1
1436	1	12	1.4	1	1
1437	3	48	7.3	1	1
1438	2	45	6.5	1	0
1439	0	56	2.7	0	0
1440	1	30	7.3	0	1
1441	1	57	5.7	0	0
1442	3	46	5.2	1	1
1443	3	22	3.6	1	0
1444	0	36	9.1	1	0
1445	2	46	1.1	1	1
1446	4	14	1.2	1	0
1447	3	28	9.3	0	1
1448	0	48	2.7	0	1
1449	2	21	8.3	0	0
1450	2	43	2.3	1	1
1451	5	35	4.6	1	1
1452	2	24	9.4	0	1
1453	2	49	4.5	1	1
1454	1	32	8.0	0	0
1455	2	50	5.5	1	1
1456	1	35	7.6	0	1
1457	0	47	6.4	1	1
1458	1	32	4.5	1	0
1459	2	19	3.2	0	1
1460	2	14	4.3	0	0
1461	3	10	7.6	0	1
1462	2	49	6.5	1	1
1463	1	29	2.7	0	1
1464	2	50	2.4	0	1
1465	0	40	6.9	0	0
1466	1	15	2.0	0	0
1467	0	58	8.9	0	1
1468	3	21	2.9	1	1
1469	4	37	9.0	1	1
1470	2	10	2.1	0	0
1471	0	48	5.6	0	0
1472	3	12	6.4	0	0
1473	1	32	8.2	1	1
1474	1	31	7.7	0	1
1475	2	19	4.2	1	0
1476	3	14	4.7	1	1
1477	3	46	4.1	1	1
1478	3	40	4.4	0	1
1479	3	15	6.8	1	1
1480	1	23	7.7	0	1
1481	3	12	8.8	1	0
1482	0	58	7.8	0	1
1483	0	48	8.7	1	1
1484	0	50	1.8	0	0
1485	3	14	5.3	1	1
1486	2	18	3.8	1	0
1487	2	34	6.8	1	0
1488	2	49	4.9	0	1
1489	2	52	1.3	1	1
1490	2	30	5.0	1	1
1491	1	22	9.9	1	0
1492	0	58	3.5	0	0
1493	0	31	9.1	0	1
1494	1	23	2.0	1	1
1495	0	42	8.9	0	1
1496	3	21	1.5	1	0
1497	0	43	4.9	1	0
1498	0	53	2.5	0	0
1499	2	41	3.4	0	1
1500	0	54	4.6	0	0
1501	2	37	7.4	1	1
1502	4	21	1.5	0	1
1503	1	48	6.4	1	0
1504	1	35	7.8	1	1
1505	2	20	3.3	0	1
1506	2	37	5.6	1	1
1507	3	13	2.0	1	1
1508	2	31	6.6	1	0
1509	0	35	1.2	0	1
1510	2	18	2.5	1	1
1511	1	29	8.5	0	0
1512	1	10	5.0	1	0
1513	1	55	8.4	0	0
1514	2	56	1.1	1	1
1515	1	53	9.7	0	1
1516	0	31	2.6	0	0
1517	3	51	1.2	1	1
1518	1	58	9.6	1	0
1519	0	39	1.1	0	0
1520	0	30	5.0	0	1
1521	1	47	7.0	1	1
1522	1	54	1.7	1	1
1523	0	43	7.2	0	0
1524	0	58	5.1	1	0
1525	1	25	3.8	0	1
1526	1	52	7.7	0	1
1527	1	41	9.3	0	0
1528	2	23	5.3	1	0
1529	1	27	7.4	0	1
1530	0	35	6.6	0	0
1531	1	35	9.7	1	0
1532	3	17	9.8	1	0
1533	1	30	5.7	1	0
1534	2	16	2.9	0	1
1535	1	48	4.0	0	1
1536	0	58	9.4	0	0
1537	2	24	3.5	1	0
1538	0	52	1.6	0	0
1539	2	50	5.6	1	0
1540	2	48	5.9	0	1
1541	3	15	4.3	1	1
1542	1	21	6.8	0	1
1543	2	43	4.4	0	0
1544	0	57	9.5	0	0
1545	3	25	6.4	0	1
1546	2	11	5.1	1	0
1547	2	28	7.3	0	0
1548	0	27	7.8	0	0
1549	0	47	8.3	0	0
1550	3	20	6.4	0	1
1551	2	27	7.6	0	0
1552	2	34	2.3	1	1
1553	1	28	9.7	0	0
1554	1	44	7.5	1	1
1555	2	18	4.2	0	0
1556	1	53	6.5	0	0
1557	0	53	9.9	0	0
1558	2	21	6.8	1	1
1559	3	20	8.8	1	1
1560	0	52	5.8	0	0
1561	0	54	9.5	0	1
1562	1	45	8.4	1	1
1563	1	47	2.3	1	0
1564	2	39	6.8	1	1
1565	1	57	5.2	1	0
1566	2	33	2.1	1	0
1567	0	57	8.7	0	1
1568	0	52	3.4	0	0
1569	1	25	8.7	0	1
1570	2	45	2.1	1	1
1571	0	39	1.8	0	0
1572	1	47	5.8	0	1
1573	1	23	5.7	1	0
1574	2	59	7.9	1	1
1575	1	37	8.3	1	0
1576	1	55	4.7	1	1
1577	3	11	3.5	1	1
1578	1	17	2.8	0	0
1579	2	42	3.2	0	1
1580	1	58	7.3	1	1
1581	3	10	8.0	0	1
1582	1	46	6.5	0	1
1583	1	55	1.7	0	1
1584	2	34	9.4	1	0
1585	0	48	5.0	0	0
1586	4	12	1.8	0	0
1587	0	32	3.4	1	1
1588	0	52	1.2	1	1
1589	1	30	8.7	1	0
1590	0	58	5.5	0	1
1591	0	34	4.5	0	0
1592	0	50	7.6	1	0
1593	0	57	8.6	1	0
1594	1	45	2.4	1	0
1595	5	22	6.0	1	1
1596	0	32	6.7	0	1
1597	0	51	5.1	0	1
1598	3	26	4.4	1	1
1599	0	55	1.7	1	1
1600	3	45	9.6	1	1
1601	2	26	1.4	0	1
1602	1	56	1.8	0	0
1603	2	11	2.1	0	1
1604	1	44	1.2	1	0
1605	1	42	3.1	0	0
1606	2	38	2.6	1	1
1607	2	27	1.7	1	1
1608	3	27	2.0	1	1
1609	2	39	7.7	1	0
1610	1	43	9.9	1	1
1611	2	15	5.3	1	0
1612	3	36	4.1	0	1
1613	2	22	9.5	0	0
1614	0	32	10.0	1	1
1615	1	42	1.2	0	1
1616	0	50	6.1	0	1
1617	1	11	2.1	1	0
1618	1	18	4.4	0	0
1619	4	11	4.1	1	0
1620	0	46	4.4	1	1
1621	4	25	3.3	1	1
1622	2	46	8.2	1	1
1623	1	50	4.3	0	1
1624	2	37	4.4	1	0
1625	4	40	6.3	1	1
1626	2	16	9.3	0	0
1627	0	50	5.0	0	0
1628	2	17	5.1	1	1
1629	0	37	5.6	0	0
1630	4	10	9.5	1	1
1631	2	23	7.6	0	0
1632	3	29	9.3	1	0
1633	1	35	4.4	0	0
1634	1	21	5.4	1	0
1635	3	19	2.8	1	0
1636	2	33	9.4	1	0
1637	1	24	7.8	0	0
1638	0	24	9.4	0	1
1639	2	29	2.5	1	0
1640	1	36	5.9	1	1
1641	0	24	8.1	0	0
1642	1	19	6.8	0	1
1643	3	20	5.3	0	1
1644	2	17	7.9	1	1
1645	2	26	2.7	1	1
1646	1	42	2.8	0	1
1647	0	52	2.1	0	1
1648	2	57	3.0	0	0
1649	2	17	6.8	0	1
1650	2	38	8.5	1	0
1651	0	42	3.0	1	0
1652	3	15	6.3	1	1
1653	0	11	4.5	0	0
1654	0	33	6.0	0	0
1655	2	56	1.6	0	1
1656	1	21	5.9	0	0
1657	2	45	7.9	1	0
1658	2	21	8.8	1	0
1659	2	54	6.5	1	1
1660	3	39	9.4	1	1
1661	0	60	9.6	1	0
1662	3	16	8.5	1	1
1663	0	58	4.6	0	0
1664	3	51	4.4	1	0
1665	2	59	5.6	1	0
1666	0	51	9.1	0	1
1667	2	30	2.0	1	0
1668	1	49	3.9	1	0
1669	1	10	7.4	0	0
1670	2	57	7.5	0	1
1671	1	19	1.8	0	1
1672	3	23	2.8	1	1
1673	2	41	4.7	1	1
1674	0	31	7.7	0	0
1675	2	11	7.9	1	1
1676	0	43	3.1	0	1
1677	1	38	7.2	1	1
1678	0	30	4.9	0	0
1679	3	15	6.7	0	1
1680	1	11	2.8	0	1
1681	2	55	3.6	1	1
1682	1	23	3.9	0	0
1683	3	47	3.2	1	1
1684	2	50	2.1	1	0
1685	1	21	3.3	0	1
1686	2	33	8.7	1	0
1687	1	24	8.4	1	1
1688	1	18	4.3	0	1
1689	1	51	4.4	1	0
1690	1	22	3.5	0	0
1691	1	43	6.5	1	0
1692	2	24	5.3	1	0
1693	2	23	8.0	1	0
1694	3	13	8.8	1	1
1695	1	58	5.9	1	0
1696	2	20	2.4	1	0
1697	1	47	6.1	1	0
1698	3	11	2.6	1	1
1699	2	18	7.1	0	1
1700	0	41	5.6	1	0
1701	4	16	1.4	1	1
1702	1	56	6.1	0	1
1703	0	53	1.5	0	1
1704	2	21	9.1	0	0
1705	2	19	3.3	1	0
1706	2	48	6.3	1	0
1707	3	42	1.8	1	1
1708	0	29	4.8	0	0
1709	0	57	7.1	0	0
1710	3	30	5.4	0	1
1711	1	59	4.7	1	1
1712	0	33	9.3	0	0
1713	0	33	2.7	1	0
1714	3	10	1.3	1	1
1715	2	58	5.6	0	1
1716	1	39	3.9	0	0
1717	2	31	3.3	1	0
1718	3	20	3.4	0	0
1719	0	54	5.6	0	1
1720	0	50	8.1	0	1
1721	0	44	6.5	0	1
1722	3	48	6.4	1	0
1723	0	31	8.2	0	1
1724	2	45	7.0	0	1
1725	4	17	1.1	1	1
1726	3	44	1.6	1	0
1727	2	28	6.9	0	0
1728	1	27	8.9	1	0
1729	0	46	6.7	1	1
1730	2	57	1.6	1	1
1731	3	10	9.6	1	1
1732	0	49	2.8	0	1
1733	2	37	8.6	1	0
1734	1	51	6.5	1	0
1735	2	27	1.4	1	1
1736	3	16	7.0	0	0
1737	2	15	6.8	0	0
1738	2	11	1.8	1	0
1739	1	14	3.2	0	0
1740	1	60	9.5	0	1
1741	3	21	8.1	0	0
1742	3	58	1.7	1	1
1743	1	18	9.6	0	0
1744	4	13	2.6	1	0
1745	2	38	4.5	1	1
1746	0	52	5.2	0	1
1747	5	16	3.3	1	1
1748	1	52	1.3	0	0
1749	3	16	3.3	0	1
1750	2	35	2.4	1	0
1751	2	53	3.1	1	0
1752	0	36	9.4	1	1
1753	2	36	2.3	1	0
1754	1	44	2.1	1	1
1755	2	34	4.5	0	1
1756	1	48	5.0	1	0
1757	1	46	3.8	0	1
1758	2	17	8.8	0	1
1759	0	57	7.9	0	0
1760	3	12	7.5	1	0
1761	1	24	6.9	0	1
1762	2	12	5.0	1	0
1763	0	43	6.9	0	0
1764	2	49	9.3	1	1
1765	1	11	8.8	0	1
1766	3	21	7.6	1	1
1767	2	14	6.0	1	1
1768	0	35	5.2	0	0
1769	1	39	3.3	1	0
1770	1	47	3.2	0	0
1771	2	28	5.1	0	1
1772	2	15	9.3	1	0
1773	2	19	5.7	0	1
1774	3	13	6.1	0	0
1775	1	57	7.5	0	0
1776	1	56	6.7	0	0
1777	1	29	4.0	1	0
1778	2	30	6.5	1	1
1779	2	22	4.5	1	1
1780	3	24	3.7	1	1
1781	0	32	3.9	0	1
1782	0	40	4.8	0	1
1783	1	30	5.4	1	1
1784	1	24	9.4	1	0
1785	3	16	4.8	0	0
1786	0	58	8.4	0	0
1787	3	19	1.8	0	1
1788	1	28	1.4	1	1
1789	2	23	4.4	0	1
1790	2	57	6.8	1	0
1791	1	48	5.3	0	1
1792	0	54	3.1	0	1
1793	2	51	2.1	1	1
1794	2	47	3.3	1	1
1795	2	20	1.4	0	0
1796	2	53	5.8	1	1
1797	2	11	2.4	1	1
1798	2	13	9.8	1	1
1799	1	60	4.1	1	0
1800	3	19	2.4	0	1
1801	2	45	3.3	0	0
1802	0	38	5.0	0	0
1803	3	21	4.2	1	1
1804	1	39	2.5	1	0
1805	0	54	1.9	0	1
1806	1	39	9.5	0	1
1807	0	59	7.9	1	0
1808	1	26	2.4	0	0
1809	0	28	6.7	0	0
1810	0	58	3.3	0	0
1811	4	42	5.0	1	1
1812	1	58	4.3	1	0
1813	0	46	3.9	0	0
1814	2	44	3.9	1	1
1815	2	17	8.6	1	1
1816	0	48	5.9	1	1
1817	4	11	4.1	1	0
1818	0	42	1.6	1	0
1819	1	37	7.4	0	0
1820	1	46	7.0	1	1
1821	4	41	3.9	0	1
1822	0	55	4.6	0	1
1823	2	27	9.3	1	1
1824	1	43	5.1	0	1
1825	2	36	8.0	1	1
1826	0	50	7.8	0	0
1827	2	38	3.5	1	0
1828	1	58	6.6	1	0
1829	1	48	6.9	1	1
1830	2	17	5.8	1	0
1831	1	27	9.1	1	1
1832	1	42	8.7	1	0
1833	2	12	9.5	1	1
1834	3	16	2.2	1	1
1835	2	48	6.9	1	1
1836	0	50	9.7	0	1
1837	3	58	1.8	1	1
1838	1	35	2.5	0	0
1839	2	39	3.7	1	0
1840	2	33	7.0	1	0
1841	0	22	8.2	1	0
1842	0	52	7.0	0	1
1843	3	14	3.2	1	1
1844	1	37	2.3	0	0
1845	1	40	5.6	0	0
1846	3	27	5.9	1	0
1847	0	53	5.2	0	0
1848	2	20	9.6	0	0
1849	0	46	8.7	1	0
1850	1	20	7.0	1	0
1851	0	53	7.0	0	0
1852	0	54	6.2	1	0
1853	3	18	6.3	1	1
1854	2	17	7.4	1	1
1855	0	28	6.9	0	0
1856	2	25	8.7	1	1
1857	2	32	5.3	0	0
1858	3	13	6.0	1	1
1859	3	48	7.5	0	1
1860	2	17	8.3	0	0
1861	1	55	9.5	1	0
1862	1	48	9.8	0	0
1863	1	44	4.6	1	1
1864	0	51	1.2	0	0
1865	1	32	5.6	0	0
1866	3	25	9.3	1	0
1867	2	55	8.3	1	1
1868	2	20	9.9	0	1
1869	2	11	4.1	0	0
1870	2	21	4.3	0	1
1871	0	37	3.3	1	0
1872	1	40	3.4	0	0
1873	3	13	6.5	1	1
1874	1	51	2.4	1	0
1875	1	20	8.7	0	1
1876	0	18	3.2	1	0
1877	3	30	6.7	1	0
1878	0	31	6.6	0	0
1879	0	51	3.6	1	1
1880	4	49	3.9	1	1
1881	2	14	6.5	1	0
1882	2	26	4.0	1	1
1883	0	46	9.3	0	1
1884	0	22	5.9	0	1
1885	1	19	1.1	0	0
1886	2	33	6.0	0	1
1887	3	10	2.0	1	1
1888	0	50	7.7	0	1
1889	1	46	1.6	0	1
1890	0	44	4.1	1	0
1891	4	12	7.7	1	1
1892	1	48	9.3	0	1
1893	2	21	1.4	1	1
1894	1	48	7.4	0	1
1895	0	37	9.3	0	0
1896	1	45	1.8	0	1
1897	0	33	3.3	0	0
1898	0	57	2.3	1	0
1899	2	22	6.9	1	1
1900	1	48	6.6	0	1
1901	1	21	6.1	1	0
1902	3	11	2.4	1	0
1903	0	49	7.4	0	0
1904	3	33	7.2	1	0
1905	0	37	2.8	0	1
1906	2	41	5.9	0	1
1907	0	49	9.7	1	0
1908	1	44	1.6	0	0
1909	3	23	1.8	1	0
1910	0	54	4.9	0	0
1911	0	56	9.7	0	1
1912	0	57	9.3	0	0
1913	0	45	6.5	0	1
1914	0	35	8.6	0	1
1915	2	58	4.5	1	1
1916	1	49	2.5	0	1
1917	4	23	4.8	0	1
1918	1	14	5.1	0	0
1919	0	31	1.2	0	0
1920	4	43	4.6	1	1
1921	3	11	3.7	0	1
1922	2	23	5.6	0	1
1923	1	60	5.5	1	1
1924	3	24	1.0	1	0
1925	2	13	9.6	0	0
1926	3	31	1.9	1	0
1927	3	47	2.7	1	1
1928	1	11	8.8	0	0
1929	1	24	7.7	0	0
1930	1	22	4.1	0	0
1931	2	16	3.9	1	1
1932	2	20	4.2	1	0
1933	2	24	6.7	1	0
1934	1	37	2.8	0	0
1935	2	29	9.4	0	1
1936	1	45	6.5	1	0
1937	1	40	1.5	0	0
1938	3	11	3.5	1	0
1939	2	47	2.4	1	0
1940	2	44	7.4	0	0
1941	1	19	2.0	0	1
1942	0	56	9.3	0	0
1943	1	58	4.8	1	1
1944	1	18	8.4	0	0
1945	1	53	2.5	1	0
1946	2	28	6.3	0	1
1947	2	40	5.5	0	1
1948	0	26	7.5	1	0
1949	3	18	7.3	1	0
1950	0	53	8.6	0	0
1951	1	47	2.9	0	1
1952	1	37	1.7	1	1
1953	2	18	1.9	0	1
1954	2	48	5.4	1	0
1955	2	27	7.8	1	1
1956	3	20	5.4	0	1
1957	0	43	4.4	0	1
1958	2	49	8.0	1	0
1959	2	27	6.1	0	1
1960	3	16	9.1	1	1
1961	1	38	5.0	1	0
1962	2	13	9.0	1	0
1963	2	39	2.2	1	1
1964	0	40	7.4	0	1
1965	0	51	5.8	1	0
1966	0	58	3.7	0	1
1967	1	50	3.2	1	0
1968	0	55	1.5	0	1
1969	2	46	8.4	0	1
1970	2	39	1.8	0	1
1971	3	41	3.0	1	1
1972	2	16	9.2	0	1
1973	1	56	4.5	0	0
1974	3	43	7.4	1	1
1975	3	39	6.3	1	0
1976	0	58	9.4	0	1
1977	1	46	6.0	0	1
1978	1	20	3.2	0	0
1979	2	42	2.5	0	1
1980	1	57	2.8	1	0
1981	2	14	7.9	1	1
1982	0	46	1.9	0	1
1983	3	32	3.8	1	1
1984	1	26	9.6	1	1
1985	0	11	6.4	0	0
1986	0	40	7.3	1	0
1987	2	15	6.9	0	0
1988	1	43	2.2	1	0
1989	2	58	8.0	1	1
1990	2	58	1.3	1	0
1991	3	28	5.8	0	1
1992	2	12	2.1	1	0
1993	0	49	5.1	1	0
1994	2	54	7.4	1	1
1995	1	19	9.0	1	0
1996	2	33	7.7	0	0
1997	1	37	2.6	1	0
1998	1	40	6.8	1	0
1999	1	25	5.7	1	0
2000	0	52	6.4	0	1
2001	2	45	9.5	1	1
2002	0	54	8.1	0	1
2003	0	60	9.0	1	0
2004	2	34	4.7	1	0
2005	1	27	3.1	0	1
2006	1	24	4.0	0	1
2007	0	41	4.9	0	0
2008	0	42	8.7	0	0
2009	2	32	9.6	0	0
2010	1	11	1.3	0	0
2011	1	44	1.1	0	0
2012	2	21	2.4	0	0
2013	2	15	9.7	1	0
2014	1	57	8.7	1	0
2015	2	13	5.6	1	1
2016	3	18	2.7	0	0
2017	0	51	7.2	0	1
2018	1	25	7.2	0	0
2019	3	10	1.9	1	0
2020	0	48	1.5	0	1
2021	0	59	5.3	0	1
2022	0	54	9.0	0	0
2023	2	57	9.7	1	1
2024	0	48	7.9	0	1
2025	1	11	9.7	1	0
2026	0	29	6.8	0	0
2027	0	38	5.5	1	1
2028	3	30	1.8	1	0
2029	0	57	9.8	0	0
2030	2	13	6.2	0	1
2031	0	48	7.7	0	1
2032	1	24	5.7	1	0
2033	1	15	5.0	0	0
2034	1	40	3.8	1	1
2035	0	19	2.6	0	1
2036	2	56	2.3	1	1
2037	5	24	3.1	1	0
2038	1	42	3.1	1	0
2039	1	19	7.1	0	0
2040	0	46	2.4	1	0
2041	3	15	2.4	1	1
2042	2	21	5.8	1	1
2043	0	33	3.9	1	0
2044	1	22	9.3	0	1
2045	2	53	7.3	1	1
2046	0	44	8.6	0	1
2047	0	29	2.0	0	1
2048	1	41	2.0	1	1
2049	2	34	8.1	0	0
2050	2	16	8.0	1	1
2051	2	58	2.6	0	1
2052	3	21	8.8	0	1
2053	2	34	2.5	0	1
2054	2	17	5.2	0	1
2055	0	32	8.7	0	1
2056	0	51	2.3	0	1
2057	0	41	3.1	0	0
2058	1	21	9.6	0	1
2059	3	34	2.4	0	0
2060	2	14	2.2	0	0
2061	0	45	6.3	0	1
2062	4	19	5.0	0	1
2063	3	30	8.9	1	1
2064	2	34	7.4	0	1
2065	2	13	6.8	1	0
2066	0	19	6.5	0	1
2067	0	53	2.4	0	1
2068	1	33	2.3	0	0
2069	0	53	1.9	0	1
2070	1	42	9.4	1	0
2071	1	36	1.9	0	0
2072	0	45	9.2	0	0
2073	1	40	4.0	0	0
2074	2	38	4.4	1	0
2075	0	46	7.6	1	0
2076	0	40	3.6	0	0
2077	0	21	5.4	1	1
2078	0	38	2.2	1	1
2079	2	52	5.2	0	1
2080	3	34	5.6	1	0
2081	3	10	5.1	0	0
2082	2	19	9.3	1	0
2083	3	30	1.2	1	0
2084	2	29	2.8	1	1
2085	2	41	9.9	1	1
2086	2	20	5.0	1	1
2087	2	53	8.0	1	1
2088	1	55	4.1	0	1
2089	1	19	1.7	0	1
2090	1	42	8.6	1	0
2091	2	37	2.1	0	1
2092	0	57	8.3	0	1
2093	2	22	2.6	1	0
2094	3	22	8.3	0	0
2095	2	18	1.3	0	1
2096	0	14	6.0	0	0
2097	1	10	5.1	0	0
2098	0	53	5.9	0	0
2099	0	49	3.4	1	0
2100	2	13	5.4	1	0
2101	0	12	5.3	0	1
2102	1	58	6.1	1	1
2103	2	17	6.2	0	0
2104	2	59	5.5	1	1
2105	2	45	5.5	1	1
2106	0	30	5.2	0	1
2107	0	29	1.6	1	1
2108	0	44	8.2	0	1
2109	0	38	4.0	0	1
2110	2	19	3.1	0	1
2111	1	35	8.7	1	1
2112	3	52	5.2	0	1
2113	2	39	3.1	1	1
2114	2	41	7.9	1	1
2115	2	31	2.2	1	1
2116	1	51	4.3	0	1
2117	2	24	2.7	0	0
2118	1	28	5.4	0	1
2119	0	43	1.3	0	0
2120	3	12	9.3	1	1
2121	1	44	1.5	1	0
2122	2	43	9.1	0	0
2123	0	59	5.8	1	1
2124	1	41	6.3	0	0
2125	1	44	3.2	1	0
2126	0	52	4.7	0	1
2127	0	28	7.0	0	0
2128	0	37	9.0	1	0
2129	0	60	5.6	0	0
2130	3	30	9.7	1	0
2131	1	30	9.8	1	1
2132	0	53	9.7	0	0
2133	4	21	2.2	1	1
2134	3	10	4.5	1	1
2135	2	17	6.9	0	1
2136	2	41	2.4	1	1
2137	0	53	8.5	1	0
2138	0	42	2.9	0	1
2139	3	40	7.0	1	1
2140	1	42	7.0	0	0
2141	1	30	2.6	1	0
2142	2	28	7.7	0	1
2143	2	17	1.1	0	1
2144	0	41	4.0	0	1
2145	2	32	5.6	1	1
2146	3	24	2.6	1	1
2147	0	42	3.5	0	0
2148	2	27	5.6	0	1
2149	0	48	7.1	0	0
2150	2	40	2.7	1	0
2151	3	27	9.2	1	1
2152	1	41	9.4	1	0
2153	0	53	6.6	1	0
2154	0	56	4.6	0	1
2155	2	15	3.7	0	1
2156	0	41	6.6	0	0
2157	1	49	4.7	0	0
2158	3	13	1.1	1	0
2159	1	39	5.0	0	1
2160	0	60	3.8	0	1
2161	1	11	5.9	0	0
2162	4	13	2.0	0	1
2163	2	43	7.8	1	0
2164	0	58	8.8	0	1
2165	0	48	8.2	0	1
2166	0	31	5.6	0	0
2167	0	57	9.6	0	1
2168	1	53	6.8	0	1
2169	2	32	1.4	0	1
2170	1	36	1.2	1	0
2171	1	26	5.1	1	0
2172	0	58	5.3	0	0
2173	2	14	7.6	0	1
2174	1	57	3.9	1	1
2175	0	30	4.5	0	0
2176	1	45	5.4	1	0
2177	3	32	1.3	1	1
2178	1	24	5.6	0	0
2179	1	48	6.0	0	0
2180	0	18	7.4	1	0
2181	2	25	5.2	1	1
2182	0	40	7.5	0	0
2183	1	40	9.2	0	0
2184	1	33	8.7	0	0
2185	0	55	2.4	0	0
2186	2	21	6.9	0	0
2187	0	30	6.8	0	0
2188	1	15	7.2	1	1
2189	2	21	6.3	0	1
2190	0	27	5.0	0	0
2191	1	23	8.9	0	0
2192	1	54	4.0	0	0
2193	1	26	7.2	0	0
2194	1	25	2.0	0	1
2195	4	14	3.0	1	0
2196	2	25	5.9	1	0
2197	1	40	4.0	0	0
2198	0	45	9.9	1	0
2199	1	30	5.4	0	0
2200	0	19	6.8	0	0
2201	0	48	7.2	0	0
2202	1	51	9.6	0	1
2203	0	58	2.5	0	0
2204	1	38	5.3	0	0
2205	3	21	6.2	0	1
2206	0	50	9.0	0	0
2207	4	25	2.5	1	0
2208	0	57	1.1	0	0
2209	0	46	4.7	0	1
2210	2	49	5.5	1	1
2211	2	39	7.3	1	1
2212	2	18	9.9	1	0
2213	1	42	4.8	1	0
2214	1	33	6.7	0	1
2215	1	24	4.9	0	0
2216	0	47	3.4	0	0
2217	2	23	2.8	1	1
2218	3	26	5.9	1	0
2219	0	32	1.4	0	1
2220	3	15	6.2	0	0
2221	3	30	10.0	0	1
2222	2	19	9.9	1	1
2223	1	17	1.7	0	0
2224	4	15	4.8	1	1
2225	1	31	3.6	0	0
2226	1	55	8.2	1	0
2227	0	33	9.7	0	1
2228	1	30	9.9	0	1
2229	0	56	7.0	1	0
2230	1	39	8.7	1	1
2231	3	17	3.5	0	0
2232	0	55	7.3	0	0
2233	0	46	3.0	0	1
2234	1	49	7.0	0	1
2235	0	56	5.3	0	0
2236	0	50	4.9	1	0
2237	2	39	10.0	1	0
2238	1	60	2.0	1	0
2239	2	31	9.5	0	0
2240	0	34	6.4	0	1
2241	1	19	9.7	0	0
2242	3	43	8.8	1	1
2243	1	45	9.9	1	0
2244	1	35	7.3	0	0
2245	2	41	3.3	1	0
2246	0	50	7.0	0	1
2247	0	52	6.2	0	0
2248	4	19	2.1	1	1
2249	0	37	8.4	0	1
2250	0	60	9.7	0	0
2251	0	46	9.3	0	0
2252	2	31	7.3	1	1
2253	0	53	3.7	1	0
2254	1	56	2.9	1	1
2255	1	56	2.8	0	1
2256	2	36	7.1	0	1
2257	2	29	7.4	1	0
2258	2	11	3.1	0	1
2259	1	13	9.1	0	0
2260	0	54	1.7	0	1
2261	2	21	4.1	0	1
2262	0	42	7.4	1	0
2263	1	21	9.2	0	0
2264	2	25	4.9	1	1
2265	0	54	9.1	1	0
2266	3	13	4.9	1	0
2267	2	17	6.6	1	0
2268	3	17	4.3	1	0
2269	0	55	1.4	0	1
2270	2	41	8.9	1	1
2271	1	18	9.3	0	0
2272	4	23	7.5	1	1
2273	1	59	4.9	0	0
2274	0	57	6.1	1	0
2275	1	41	7.0	0	1
2276	3	30	9.3	1	0
2277	3	40	9.3	1	0
2278	3	33	5.4	1	1
2279	0	42	4.8	1	0
2280	2	50	1.5	0	1
2281	1	10	9.5	0	0
2282	0	41	6.0	0	1
2283	1	22	7.2	0	0
2284	0	41	9.0	1	0
2285	0	51	2.2	0	1
2286	2	44	10.0	0	1
2287	2	32	6.0	1	0
2288	1	56	9.5	0	1
2289	0	34	2.6	1	0
2290	0	54	3.2	1	1
2291	2	44	1.6	1	1
2292	2	12	2.9	0	0
2293	4	29	1.4	1	0
2294	2	13	3.7	1	1
2295	0	54	2.0	0	0
2296	1	50	1.1	1	1
2297	4	13	1.8	1	0
2298	1	15	5.4	0	0
2299	2	53	3.8	0	1
2300	2	11	1.4	0	1
2301	1	57	5.4	0	1
2302	2	33	6.8	1	1
2303	1	38	9.2	1	1
2304	1	24	5.1	0	0
2305	2	39	6.1	1	0
2306	0	56	7.4	0	1
2307	0	36	9.5	1	1
2308	0	22	5.2	0	0
2309	0	39	9.3	1	0
2310	1	14	10.0	0	1
2311	1	45	4.2	0	1
2312	2	15	6.2	0	0
2313	0	35	2.0	0	1
2314	0	57	6.5	0	0
2315	2	15	8.1	0	1
2316	1	13	6.6	1	0
2317	0	51	9.2	0	0
2318	0	30	9.5	1	0
2319	3	10	9.5	0	1
2320	1	40	2.4	0	0
2321	1	32	2.5	0	1
2322	2	45	3.7	0	0
2323	1	23	7.1	1	1
2324	3	30	6.5	1	1
2325	0	19	1.4	0	0
2326	0	46	3.2	1	0
2327	3	25	3.2	1	0
2328	1	18	8.4	1	0
2329	1	26	4.7	0	0
2330	2	36	5.1	0	1
2331	1	55	5.1	1	0
2332	0	58	4.6	0	1
2333	0	57	8.3	1	1
2334	3	31	7.3	1	1
2335	0	59	7.2	0	0
2336	2	26	2.7	1	1
2337	1	31	1.9	0	0
2338	0	46	7.6	1	0
2339	1	56	9.7	1	0
2340	2	54	3.4	1	1
2341	3	21	2.1	0	1
2342	3	30	7.3	1	1
2343	1	12	5.6	0	0
2344	2	30	9.6	1	1
2345	5	12	6.0	0	1
2346	1	48	8.4	1	1
2347	0	52	5.3	1	1
2348	2	45	3.9	1	1
2349	1	14	4.9	0	1
2350	0	45	7.9	1	1
2351	1	43	8.4	0	0
2352	5	16	3.3	1	1
2353	1	55	1.6	1	1
2354	4	32	1.3	1	1
2355	2	16	8.9	0	0
2356	0	48	1.0	0	0
2357	0	57	3.9	0	0
2358	2	34	7.4	1	0
2359	0	41	3.4	0	1
2360	0	55	9.2	0	0
2361	2	29	5.1	0	0
2362	2	32	7.3	1	1
2363	0	54	5.4	0	0
2364	0	50	8.0	1	0
2365	1	36	2.9	1	0
2366	3	24	4.6	1	1
2367	2	42	2.2	1	1
2368	1	33	6.3	0	0
2369	1	25	4.7	1	0
2370	5	14	6.5	1	0
2371	2	14	2.2	1	0
2372	2	40	1.5	1	0
2373	1	44	2.1	1	1
2374	2	13	1.3	0	1
2375	0	27	1.1	0	0
2376	0	44	2.3	0	0
2377	2	50	7.9	1	1
2378	3	39	1.4	1	0
2379	2	32	9.2	1	1
2380	3	26	8.6	0	0
2381	0	45	3.3	0	0
2382	1	38	9.6	1	0
2383	3	58	8.3	1	1
2384	0	60	8.8	1	0
2385	2	24	3.2	0	1
2386	2	37	1.8	1	0
2387	0	55	5.1	0	1
2388	2	34	8.3	1	0
2389	3	50	9.7	1	1
2390	3	14	4.5	1	1
2391	2	40	6.9	1	1
2392	2	17	2.5	1	0
2393	1	25	7.5	0	0
2394	1	32	4.7	1	1
2395	2	16	8.9	1	1
2396	0	28	8.8	0	0
2397	0	60	8.2	1	1
2398	0	53	7.5	1	1
2399	1	51	9.4	1	0
2400	3	11	3.9	1	1
2401	1	41	5.8	0	0
2402	2	26	6.4	1	1
2403	0	35	6.4	0	0
2404	2	30	1.6	0	0
2405	0	43	8.9	0	0
2406	0	52	3.7	0	0
2407	1	55	5.8	1	1
2408	2	15	1.4	0	1
2409	1	38	9.1	1	1
2410	1	48	9.9	0	1
2411	3	17	6.1	1	1
2412	0	50	7.1	1	1
2413	4	12	2.4	1	0
2414	1	42	1.2	0	1
2415	0	53	5.5	0	0
2416	1	49	7.7	0	1
2417	4	14	9.2	1	0
2418	2	21	9.6	0	0
2419	1	32	4.9	0	1
2420	1	42	7.8	1	1
2421	0	58	2.1	0	0
2422	1	31	6.6	0	0
2423	0	20	3.7	0	0
2424	1	45	2.6	1	1
2425	0	30	7.1	0	0
2426	3	52	5.3	1	0
2427	2	47	8.8	0	1
2428	1	13	3.0	0	0
2429	0	56	9.3	1	0
2430	1	41	6.4	0	1
2431	1	29	5.3	1	1
2432	0	45	3.2	0	0
2433	2	11	2.4	1	1
2434	0	39	5.3	0	1
2435	0	30	4.1	0	0
2436	1	46	9.0	1	0
2437	1	14	9.3	0	1
2438	3	33	6.1	1	1
2439	0	59	5.4	1	0
2440	0	50	7.6	0	1
2441	0	38	6.5	0	0
2442	0	28	9.6	0	0
2443	3	24	6.9	1	0
2444	1	53	9.0	0	1
2445	3	31	4.2	1	1
2446	0	36	4.9	0	0
2447	3	15	2.3	1	0
2448	0	57	2.5	0	0
2449	0	56	9.1	0	1
2450	3	22	6.9	0	0
2451	3	15	7.2	1	0
2452	1	19	3.4	1	0
2453	3	43	3.6	1	1
2454	1	55	5.2	0	0
2455	1	20	3.5	1	0
2456	1	48	2.9	1	1
2457	1	39	5.4	0	0
2458	1	60	7.2	1	0
2459	2	47	8.4	0	1
2460	3	25	1.2	0	1
2461	3	11	3.2	0	1
2462	1	44	1.3	0	0
2463	1	24	9.4	1	0
2464	2	13	3.0	1	1
2465	1	29	4.5	1	0
2466	3	33	3.7	1	1
2467	0	34	1.6	0	0
2468	0	54	1.5	1	0
2469	1	16	8.6	0	1
2470	1	19	5.9	0	0
2471	1	24	2.7	0	0
2472	0	38	3.6	0	1
2473	1	50	9.1	0	0
2474	4	16	3.2	0	1
2475	3	23	6.5	1	1
2476	3	15	6.3	1	1
2477	2	25	6.3	1	0
2478	3	31	4.5	0	0
2479	2	38	3.5	1	1
2480	4	11	3.9	1	1
2481	2	11	3.5	0	1
2482	4	24	7.7	1	0
2483	0	54	5.4	0	1
2484	0	55	8.7	0	0
2485	0	49	5.9	1	0
2486	3	23	3.2	0	0
2487	2	42	9.3	0	0
2488	3	23	3.7	1	0
2489	2	21	8.4	0	1
2490	4	20	6.4	1	1
2491	1	42	2.5	1	0
2492	0	10	8.6	0	0
2493	3	34	3.8	0	1
2494	0	59	7.0	1	1
2495	2	18	8.8	0	0
2496	0	43	4.0	0	0
2497	1	41	9.9	1	0
2498	2	23	8.0	0	1
2499	0	38	2.9	0	0
2500	1	29	4.8	0	0
2501	0	59	1.0	0	1
2502	1	30	8.1	0	1
2503	2	51	9.7	1	1
2504	0	52	9.5	1	1
2505	2	31	4.1	1	1
2506	1	52	9.2	0	1
2507	1	40	8.9	0	1
2508	0	58	6.5	0	1
2509	1	20	6.9	0	0
2510	2	13	3.7	0	1
2511	0	60	3.7	1	0
2512	2	42	2.8	0	0
2513	0	25	7.0	0	0
2514	3	34	7.5	0	0
2515	0	52	5.4	0	1
2516	0	57	2.7	0	0
2517	5	16	1.9	1	0
2518	1	41	3.4	0	1
2519	4	15	8.0	1	1
2520	4	27	2.9	1	1
2521	1	35	3.3	0	0
2522	2	36	8.7	1	1
2523	0	60	1.9	0	1
2524	1	36	10.0	0	1
2525	3	15	1.6	1	0
2526	2	17	8.0	1	1
2527	1	41	9.0	1	0
2528	1	37	5.6	1	1
2529	0	58	5.9	0	0
2530	1	29	6.8	0	1
2531	4	16	6.6	1	1
2532	2	30	7.6	1	0
2533	0	40	2.3	0	0
2534	0	48	7.5	1	1
2535	0	57	9.9	1	0
2536	5	19	1.7	1	1
2537	0	34	5.7	1	0
2538	1	32	1.7	1	1
2539	2	36	1.1	0	1
2540	3	31	6.7	1	0
2541	3	21	9.1	1	1
2542	1	21	2.2	1	0
2543	2	16	3.0	0	0
2544	0	34	8.4	1	0
2545	0	51	3.0	0	1
2546	2	11	2.6	0	1
2547	1	23	5.6	0	1
2548	1	21	1.2	0	0
2549	1	42	6.7	1	0
2550	4	25	9.9	1	1
2551	2	14	8.3	0	1
2552	0	52	6.7	0	0
2553	1	57	1.7	1	0
2554	0	24	2.5	0	0
2555	1	30	4.2	1	0
2556	1	37	7.8	1	0
2557	0	40	8.5	0	0
2558	1	31	6.0	0	0
2559	1	54	2.1	1	0
2560	1	20	9.5	0	0
2561	2	34	2.9	0	1
2562	1	59	4.8	0	1
2563	4	10	7.4	0	0
2564	1	45	4.0	1	0
2565	0	49	9.2	1	0
2566	0	56	7.5	0	0
2567	0	50	6.7	0	0
2568	1	19	6.6	0	0
2569	0	47	2.0	0	0
2570	0	14	5.7	0	0
2571	2	25	7.4	0	1
2572	2	15	2.9	1	1
2573	2	21	4.8	0	0
2574	3	19	8.7	0	1
2575	0	51	9.8	0	0
2576	0	24	6.6	1	1
2577	1	55	4.6	1	0
2578	0	13	8.2	0	1
2579	0	55	7.8	0	0
2580	2	25	7.7	0	0
2581	0	51	5.0	1	1
2582	3	21	7.7	1	1
2583	2	45	3.6	1	1
2584	2	26	6.3	1	1
2585	4	13	4.8	1	0
2586	2	35	10.0	1	0
2587	0	60	2.9	0	1
2588	2	39	2.3	1	0
2589	1	43	6.2	1	0
2590	1	39	9.1	0	1
2591	3	17	8.1	1	1
2592	3	12	7.1	1	1
2593	0	41	7.2	1	0
2594	0	53	9.6	0	0
2595	3	42	6.3	1	1
2596	1	38	7.8	0	1
2597	0	56	2.2	0	0
2598	1	47	7.9	0	1
2599	0	36	2.0	1	1
2600	3	19	1.4	0	1
2601	2	16	7.6	0	1
2602	0	41	6.6	0	0
2603	2	51	1.0	1	1
2604	2	17	6.0	1	1
2605	1	32	7.6	1	0
2606	0	59	3.0	0	0
2607	0	59	1.5	0	1
2608	1	45	3.0	1	0
2609	1	16	2.9	1	0
2610	4	18	7.7	1	0
2611	2	30	8.1	1	1
2612	2	16	9.2	0	1
2613	3	16	4.6	1	0
2614	1	49	2.2	1	1
2615	1	44	8.9	1	1
2616	0	58	1.6	0	1
2617	3	30	5.1	1	1
2618	1	34	4.4	0	1
2619	0	53	3.5	0	0
2620	0	39	4.0	0	0
2621	0	48	1.8	0	1
2622	2	14	1.5	0	1
2623	2	16	6.6	1	0
2624	2	47	2.7	1	1
2625	3	30	4.7	1	1
2626	1	43	1.3	0	0
2627	0	27	8.3	0	0
2628	2	54	5.1	0	1
2629	0	39	8.4	1	0
2630	2	21	5.9	1	1
2631	1	47	7.5	1	1
2632	2	18	7.3	0	1
2633	2	38	6.7	1	1
2634	3	11	8.1	0	0
2635	3	12	4.9	1	0
2636	2	32	7.1	1	0
2637	2	20	8.1	1	1
2638	2	26	8.4	0	0
2639	1	55	4.8	1	1
2640	1	43	3.9	1	0
2641	0	48	5.2	1	0
2642	3	19	4.5	0	1
2643	1	43	4.7	0	0
2644	2	18	3.1	1	1
2645	3	19	7.9	1	0
2646	0	35	1.5	0	1
2647	1	47	4.1	0	0
2648	1	37	9.9	0	0
2649	2	16	8.6	1	0
2650	2	46	1.9	0	1
2651	3	37	9.6	1	0
2652	0	49	5.4	1	0
2653	1	18	7.2	0	0
2654	1	11	9.1	0	0
2655	3	21	8.9	1	1
2656	0	46	2.2	0	1
2657	1	18	6.5	1	0
2658	0	45	3.9	0	0
2659	4	13	4.6	0	0
2660	0	44	7.3	1	0
2661	2	40	5.5	1	0
2662	2	49	3.6	1	1
2663	0	36	5.0	0	1
2664	0	53	9.2	1	1
2665	0	50	2.7	1	1
2666	2	13	9.7	1	1
2667	1	37	9.5	1	0
2668	0	52	5.6	1	0
2669	3	38	5.2	1	0
2670	5	11	2.3	1	1
2671	1	35	9.9	0	0
2672	0	55	6.7	1	0
2673	1	42	9.3	0	1
2674	1	16	9.5	1	0
2675	3	14	9.5	1	0
2676	2	24	4.2	1	0
2677	0	46	2.2	0	0
2678	0	52	6.2	0	1
2679	2	33	3.2	1	0
2680	1	43	4.6	1	0
2681	0	47	4.1	0	1
2682	1	29	9.2	1	1
2683	0	12	7.9	0	0
2684	2	29	3.4	1	1
2685	2	59	6.0	1	0
2686	1	11	9.1	0	0
2687	0	51	9.2	0	0
2688	2	27	8.1	1	1
2689	0	36	4.0	0	1
2690	3	22	7.2	1	1
2691	1	23	9.4	1	0
2692	3	43	5.5	0	1
2693	2	13	8.4	1	0
2694	3	18	6.9	0	1
2695	2	56	4.0	0	0
2696	1	16	5.3	0	0
2697	1	37	9.0	1	0
2698	1	59	1.2	0	1
2699	4	12	6.2	1	0
2700	2	25	7.9	0	1
2701	2	26	1.5	1	0
2702	2	30	7.6	0	1
2703	3	34	7.4	1	1
2704	0	45	3.8	0	1
2705	3	34	2.4	1	1
2706	2	33	2.8	1	1
2707	2	33	1.0	1	0
2708	0	40	4.9	0	1
2709	2	46	7.2	1	1
2710	3	15	8.4	0	0
2711	0	59	4.2	0	0
2712	1	42	4.6	0	0
2713	0	30	4.5	0	1
2714	2	12	7.7	0	1
2715	0	55	7.5	0	0
2716	3	31	8.5	1	1
2717	2	17	6.0	0	1
2718	1	49	6.6	1	1
2719	0	51	7.4	1	0
2720	2	12	2.0	0	1
2721	1	47	6.1	0	0
2722	4	13	6.6	1	1
2723	2	27	2.7	0	1
2724	2	16	1.8	0	0
2725	3	25	8.3	1	1
2726	3	28	7.6	0	1
2727	2	37	1.6	0	0
2728	0	42	9.0	1	1
2729	0	31	8.2	0	0
2730	0	36	7.1	0	1
2731	0	51	9.7	0	0
2732	0	25	3.5	0	0
2733	0	49	6.8	0	0
2734	1	42	2.6	1	1
2735	1	45	1.3	1	0
2736	1	39	1.1	1	1
2737	0	29	5.0	1	0
2738	3	35	9.9	1	0
2739	0	44	1.1	0	0
2740	0	56	8.2	0	0
2741	2	12	6.0	1	1
2742	3	11	3.1	1	1
2743	2	14	7.5	1	1
2744	3	10	5.3	0	1
2745	2	60	6.9	1	1
2746	3	36	5.0	0	1
2747	2	42	6.3	1	0
2748	3	29	7.4	1	0
2749	3	20	1.2	1	0
2750	0	48	7.9	1	1
2751	0	18	3.4	0	0
2752	2	20	5.6	1	0
2753	2	41	4.0	1	0
2754	3	19	5.0	0	1
2755	3	27	7.9	1	1
2756	1	60	5.1	0	1
2757	0	59	6.9	0	1
2758	1	49	5.3	1	1
2759	2	29	1.2	1	0
2760	0	55	8.3	1	0
2761	2	50	5.6	1	1
2762	0	51	4.1	0	0
2763	1	35	6.0	0	1
2764	0	45	9.3	0	1
2765	0	23	3.6	0	0
2766	1	42	4.0	0	1
2767	0	57	8.8	0	1
2768	2	23	6.8	1	0
2769	3	23	2.5	1	1
2770	0	55	2.6	0	1
2771	1	60	1.2	1	1
2772	2	13	6.8	0	1
2773	4	16	3.8	1	1
2774	0	46	1.4	0	0
2775	3	11	8.7	1	0
2776	2	43	9.1	0	1
2777	1	30	2.2	0	1
2778	3	27	3.1	1	1
2779	2	36	1.6	1	0
2780	1	31	9.6	1	0
2781	0	43	5.3	0	0
2782	2	37	1.1	0	0
2783	1	22	6.2	0	0
2784	1	17	2.9	0	1
2785	0	36	1.1	0	1
2786	3	21	2.3	1	1
2787	1	12	3.2	1	1
2788	0	39	1.1	0	1
2789	1	25	6.6	1	1
2790	2	37	4.2	1	1
2791	3	15	5.6	0	1
2792	3	49	3.6	1	0
2793	1	54	6.2	0	0
2794	0	47	8.0	0	0
2795	0	51	6.8	0	0
2796	1	27	3.0	1	0
2797	2	36	9.1	1	1
2798	2	14	7.9	0	1
2799	1	60	6.5	1	1
2800	0	56	7.7	1	0
2801	1	39	7.1	0	0
2802	0	56	1.6	1	1
2803	3	41	4.7	1	0
2804	2	24	3.1	0	0
2805	2	53	8.2	1	1
2806	2	18	6.7	1	0
2807	1	14	4.0	0	0
2808	2	31	1.8	1	0
2809	1	23	8.2	1	0
2810	0	60	9.9	1	0
2811	0	51	9.5	1	0
2812	1	14	5.4	0	1
2813	2	50	1.9	1	1
2814	0	21	7.8	0	0
2815	1	50	1.3	1	0
2816	1	47	7.1	0	0
2817	0	59	4.1	1	1
2818	0	33	4.9	1	0
2819	2	34	9.3	1	1
2820	0	38	8.7	0	0
2821	1	24	8.5	1	0
2822	1	21	1.1	0	1
2823	1	36	2.2	0	1
2824	2	36	1.6	1	1
2825	1	35	4.7	0	1
2826	0	55	3.2	1	0
2827	2	42	7.1	1	1
2828	1	14	3.1	0	0
2829	1	20	7.3	0	0
2830	0	59	2.5	1	0
2831	0	58	4.2	0	0
2832	0	44	7.7	1	0
2833	2	36	6.9	1	0
2834	2	24	3.9	1	0
2835	2	33	6.8	1	0
2836	2	35	8.9	1	0
2837	0	37	1.5	0	1
2838	3	20	2.9	1	0
2839	2	47	9.1	1	1
2840	2	20	3.2	1	0
2841	2	23	7.8	1	0
2842	2	26	9.7	1	1
2843	0	50	1.2	0	0
2844	0	34	5.2	0	0
2845	2	19	9.8	0	0
2846	0	30	7.0	1	1
2847	0	44	4.3	0	0
2848	0	41	3.9	0	0
2849	2	28	7.7	0	0
2850	1	44	5.2	1	0
2851	0	55	3.2	0	1
2852	1	29	2.6	0	0
2853	2	33	1.4	1	0
2854	0	50	7.0	0	1
2855	1	51	1.9	0	1
2856	1	58	6.3	1	1
2857	0	58	3.0	1	0
2858	2	32	1.3	1	1
2859	0	34	4.9	0	1
2860	1	43	3.6	0	0
2861	0	45	8.3	0	1
2862	3	16	1.4	1	1
2863	2	24	1.9	0	0
2864	0	58	6.7	0	1
2865	1	47	6.3	0	1
2866	1	51	5.6	0	1
2867	0	53	4.4	0	1
2868	1	31	8.4	0	1
2869	2	12	6.0	0	0
2870	1	21	7.3	1	1
2871	0	59	7.7	1	0
2872	1	28	6.7	1	0
2873	3	40	3.3	1	1
2874	1	54	9.5	1	0
2875	1	18	9.3	1	0
2876	1	59	2.3	1	1
2877	2	25	8.0	0	0
2878	2	31	4.3	0	0
2879	1	46	1.3	1	0
2880	0	28	2.4	0	0
2881	1	21	8.3	0	1
2882	1	50	5.6	0	0
2883	0	57	6.3	0	0
2884	2	40	9.2	0	0
2885	0	37	7.2	0	1
2886	1	58	2.0	0	0
2887	0	60	4.9	1	0
2888	2	36	5.1	0	0
2889	2	59	2.2	1	1
2890	0	51	4.8	0	0
2891	1	26	7.1	0	1
2892	1	59	8.0	1	0
2893	2	16	4.1	1	1
2894	1	43	6.0	0	0
2895	1	24	8.4	0	0
2896	0	42	7.2	0	1
2897	1	53	3.8	1	0
2898	2	39	4.7	1	1
2899	2	33	9.5	1	0
2900	2	25	9.1	0	0
2901	0	51	5.8	1	0
2902	1	38	1.5	1	1
2903	0	11	9.0	0	1
2904	1	26	5.6	0	0
2905	2	52	5.7	1	0
2906	1	21	8.2	0	1
2907	0	53	8.4	1	1
2908	0	54	4.6	0	0
2909	2	14	4.6	1	0
2910	2	33	6.8	0	1
2911	3	59	5.2	1	0
2912	0	50	7.7	0	1
2913	2	11	6.0	0	1
2914	3	33	1.5	0	0
2915	0	38	9.4	0	1
2916	2	23	1.6	0	1
2917	0	42	7.9	0	0
2918	1	24	9.0	0	1
2919	0	47	2.6	0	0
2920	0	60	8.7	1	0
2921	1	50	7.7	1	0
2922	0	59	7.6	0	0
2923	0	55	9.5	0	1
2924	1	56	2.2	1	1
2925	1	41	4.3	0	1
2926	1	29	1.6	0	1
2927	0	35	3.2	0	1
2928	1	55	7.5	0	0
2929	1	57	8.3	1	1
2930	1	31	8.5	1	0
2931	3	28	7.1	1	1
2932	0	23	1.7	0	0
2933	3	18	3.3	1	0
2934	1	48	7.5	0	0
2935	0	38	3.2	0	0
2936	1	20	6.8	0	0
2937	0	56	9.8	0	1
2938	2	22	2.7	1	1
2939	1	44	8.7	1	1
2940	0	42	5.7	1	0
2941	1	16	3.4	0	0
2942	3	29	1.9	1	1
2943	0	43	6.0	0	0
2944	3	18	2.4	1	0
2945	0	53	2.6	0	1
2946	0	12	8.8	0	0
2947	1	43	1.4	1	1
2948	3	14	2.2	1	0
2949	1	23	7.8	0	0
2950	1	12	3.3	1	0
2951	1	47	4.7	0	0
2952	4	10	3.2	1	1
2953	0	48	5.7	1	0
2954	0	59	8.9	0	0
2955	2	44	4.9	1	1
2956	2	43	4.7	0	1
2957	0	58	9.2	0	0
2958	1	59	9.2	0	1
2959	1	42	3.2	1	0
2960	2	36	9.9	0	1
2961	0	48	1.8	0	0
2962	1	36	6.8	0	1
2963	0	27	8.6	0	0
2964	2	39	1.7	0	0
2965	0	39	7.8	0	0
2966	2	34	4.5	1	0
2967	1	26	6.5	0	1
2968	2	47	7.2	0	1
2969	1	33	1.0	1	1
2970	1	26	6.1	0	0
2971	1	15	6.3	0	1
2972	3	55	5.2	1	1
2973	1	41	4.3	0	0
2974	2	25	6.2	0	0
2975	2	60	9.5	1	0
2976	1	54	3.4	1	0
2977	2	28	3.0	1	0
2978	0	38	5.4	0	0
2979	1	15	8.4	0	0
2980	1	37	6.8	0	0
2981	1	35	5.9	0	0
2982	0	51	3.6	0	0
2983	0	49	9.5	0	1
2984	3	12	9.6	0	0
2985	0	53	3.9	0	1
2986	2	29	1.8	1	0
2987	2	22	8.4	1	1
2988	1	28	4.3	0	1
2989	0	59	3.0	0	0
2990	0	36	7.0	0	0
2991	3	24	8.7	1	0
2992	2	13	3.4	0	0
2993	3	15	9.9	0	0
2994	1	19	5.8	0	1
2995	0	58	8.1	1	0
2996	1	43	8.7	0	1
2997	2	36	5.5	0	0
2998	3	20	7.5	1	1
2999	4	31	7.9	1	0
3000	0	33	8.9	1	1
