ID	Speed	Speed_lead	Distance	Acceleration
1	1.1	0.715039767115702	24.2551094861156	0.244475613150478
2	0.560357912249605	1.69221357419161	32.5495765992421	0.144961318238869
3	2.15933419257408	0.324545294857381	41.9346084784522	-0.338362501254458
4	0.348178778231519	0.956571138530026	56.2748954652194	0.47597982694248
5	1.51278079574098	2.36320761139673	15.3958020300596	-0.20019793612625
6	0.799851507506296	0.512015954148374	25.9529849770509	0.0432002306726249
7	3.47522616440287	1.26493467266786	34.2591370627844	-1.07904469432345
8	0.237209784063796	3.72829315098136	44.1974594559572	0.539956729984802
9	1.28739508700532	0.184363600525687	60.7439114430905	0.379061564523144
10	0.674714101403277	0.790126363968349	18.3000196255145	0.291317610953676
11	2.67101016236068	1.87834861564138	27.6055588153959	-0.0514921427881773
12	0.453012128913273	0.387089783145276	36.030331331304	0.575305603815299
13	1.79335217314034	1.05008850913779	46.6786698524193	-0.150392538170976
14	0.939882412332833	2.69416951369801	66.4820049287505	0.625609404695827
15	5.10097003281526	0.576764887526495	20.5311761023369	-1.55217523769165
16	0.170772727127427	1.39031365632439	29.2414877104272	0.375974151017375
17	1.18972548131161	4.67118960535514	37.8834637482975	0.0990045003217486
18	0.616422926243906	0.25903465759832	49.4448875299476	0.968398936793648
19	2.39104842416062	0.870307210531838	74.5875566671822	0.391004066193285
20	0.40064481614851	2.09790856927714	22.4706265764166	0.618023428798439
21	1.64470369788343	0.449117991220663	30.8830816890909	-0.510734740584545
22	0.867715025794444	1.15228382128809	39.8420353766398	-0.285705062801686
23	4.10958100110397	3.1258897875532	52.5933241218911	-0.498644015929364
24	0.294433909363255	0.644182868890306	88.6575280822393	0.672639429606341
25	1.39446703587065	1.53140061536849	11.0782102614988	-0.341943937388306
26	0.735694825491757	6.56311764659539	24.6000313745914	0.215314880697401
27	3.02013142621439	0.116380840722511	32.8874635434426	-0.323017212998126
28	0.506054159243876	0.739557964856098	42.3722204924884	0.201786285396808
29	1.9629380227192	1.75110837621722	57.0947876285949	-0.130651631070914
30	1.01704134189514	0.345567106739352	16.0732513233426	-0.220471521226168
31	7.08544051707464	0.986873351898697	26.2860782007559	-2.30261659691222
32	0.12763705963139	2.46492127746819	34.6078290079517	0.153605272518514
33	1.14394894710738	0.533350914622606	44.6744230220472	0.137237741536657
34	0.588140842007406	1.30518337026613	61.7679477645946	0.364517413474264
35	2.27010154346476	3.99054713281792	18.7810960586995	-0.084533476109787
36	0.374484304580355	0.211071507319615	27.933297154333	0.278392975048569
37	1.57686716481255	0.81624151545343	36.3937069651699	-0.378813231130981
38	0.833284415416419	1.947322516056	47.2065440586588	-0.296919097274734
39	3.76282098860043	0.407742210730789	67.8580567163686	-1.22272744470577
40	0.266471773064579	1.08311001703419	20.9364111163672	0.565765518024967
41	1.33965117659203	2.82445062309103	29.5687085709849	0.0904154271814712
42	0.70483866580992	0.598902753105552	38.265915657323	0.132396079255056
43	2.83514175049789	1.43542429434681	50.0401455461815	-0.481992835910187
44	0.479409232652529	5.13323048471072	76.7049349335399	0.308245259745508
45	1.87520856151714	0.281442733428235	22.8371486197533	0.253925412298576
46	0.977790646471365	0.898332507554322	31.2138021605547	0.206350830418904
47	5.87819594393321	2.18047901465353	40.2488006296649	-1.49605936093315
48	0.205845468837905	0.469933724203989	53.280798596649	0.28632647119909
49	1.23748371327403	1.18857200211439	93.2727355633934	0.743698045509778
50	0.645261559077486	3.30251482053548	12.644629783292	0.465384932673119
51	2.52393971076689	0.667381653600632	24.9419468030933	-0.117605074466609
52	0.426786420745103	1.58257602199639	33.2272164696891	0.869411504996187
53	1.71670491233566	7.85054219453066	42.8169437623709	0.0472951447780542
54	0.90322019727415	0.154129481762799	57.9482809676676	0.617212514345672
55	4.54081866189541	0.764576224574417	16.6899064734185	-0.82449856839142
56	0.321567250652032	1.81305553347452	26.6176511566428	0.167202372420298
57	1.45208523958212	0.366387454940719	34.9591350956054	0.459613915946949
58	0.767344280482777	1.01802835490613	45.160520289899	-0.198110998882378
59	3.23111004974139	2.57483116805373	62.8466456928295	-0.368440711294312
60	0.533015804285665	0.554923937294698	19.2419967265634	0.0270398724774373
61	2.05733034262695	1.34694001366396	28.2605799535441	-0.10259962462894
62	1.0577395110679	4.29927603836514	36.7605247305596	0.672680988614557
63	9.48000528603857	0.235719008449742	47.7463735641173	-1.90864980831681
64	0.0980528326963583	0.842956333375013	69.3370851734418	1.17897422838595
65	1.12175504694464	2.02036139210525	21.3319020762294	0.27197088650182
66	0.574190594940279	0.428401895259827	29.8963246440358	-0.0514006797206396
67	2.21354097004509	1.11715336482001	38.6527773328416	-0.277566475747274
68	0.361358731729512	2.96756128788172	50.6515028720788	0.286476419791912
69	1.54437884330923	0.621365998710203	79.079686448391	0.129152182467779
70	0.816447854623405	1.48240438288395	23.1983101575297	-0.0934135357669339
71	3.61276905661055	5.73265437559867	31.5456675751322	-0.400727481538094
72	0.252042539508732	0.303216566482592	40.6611610774382	0.454595856963302
73	1.31321719535136	0.927072798784801	53.9908552329979	-0.152199953501526
74	0.689688699700599	2.26867521330902	99.2976719858527	1.06899656123379
75	2.75073142031319	0.49088788800705	13.7460800795317	-0.767256512868686
76	0.46618426976502	1.22609451118729	25.281202621039	0.280699490682346
77	1.83359035346364	3.50149066969113	33.568981176634	0.0161332404550549
78	0.958674936610904	0.690990926908744	43.2691350588065	0.496419826291489
79	5.45383398422299	1.63611245838646	58.838499078588	-1.06545276388603
80	0.188933490011085	10.3969003187133	17.2604851148392	1.13656528831159
81	1.21334660643837	0.0783039954530874	26.9479417871533	-0.106157250218145
82	0.630769097914714	0.72315885330773	35.3132127886931	0.592723799015288
83	2.45587409667544	1.71152264771267	45.6562392561825	-0.0362492331383004
84	0.413711104427336	0.331580911861432	63.986499935681	0.794072731493906
85	1.6801553577747	0.966580208267835	19.6857676871514	-0.495993637765248
86	0.885328277782901	2.39626801696744	28.5875899872405	-0.311151266843023
87	4.31248367212511	0.519103048185234	37.130964827983	-1.14790108041265
88	0.308082257646015	1.27818967753167	48.2988584477874	1.09391728762568
89	1.42290948129203	3.81131366541582	70.9361803884053	0.231768455932814
90	0.751416433961226	0.193561841754583	21.71880035571	-0.142802262766886
91	3.12198320689938	0.79876695736407	30.2244912606532	-0.663938366963094
92	0.519491310281493	1.90091306456559	39.0442654572478	0.506338470693168
93	2.00924621228212	0.393976455125343	51.2800225232482	0.2610602956613
94	1.03720256090494	1.06098596706527	81.7831875213035	0.932121045735173
95	8.02641570852258	2.73629621740404	23.5546892510959	-2.17693336777376
96	0.150752221656698	0.584109772128696	31.8788225148423	0.651451717725858
97	1.16659951065325	1.40515126740435	41.0793890024991	0.612270844663738
98	0.602215892011397	4.81341961878895	54.7252290129705	0.233855931204946
99	2.32920161714418	0.266589104185629	107.947308400614	0.733033523645624
100	0.387574153930738	0.879572085005252	14.6340057743981	0.0149603980391347
101	1.61029216997726	2.12484613258504	25.618117347709	0.190955775602979
102	0.850370326369105	0.456043503183049	33.9129049679703	0.801122428978754
103	3.92752250403943	1.16424759244142	43.7291728770395	-0.638113485109764
104	0.280580772472522	3.18255513335243	59.7690094133717	0.908665002365553
105	1.3667246719264	0.65187195913848	17.7948622472759	-0.902621126032379
106	0.720171497475446	1.54820838686438	27.2771738757016	-0.0192960662984841
107	2.92474624696114	6.92263830077282	35.6702231576521	-0.593961888517654
108	0.492696267140892	0.130324815736958	46.1621023302994	0.171236826891383
109	1.9182930869635	0.747840275900407	65.1952115022017	0.545837633106277
110	0.997241838053027	1.77140455493886	20.1148370124097	-0.132154607692771
111	6.40437013008658	0.352525111033769	28.9145028098756	-1.11667095561678
112	0.221862272210765	0.997161087245027	37.5052135286718	-0.00727462967779591
113	1.26215879209023	2.50059137044566	48.8647560396168	0.356638639894759
114	0.659907485722925	0.540513973622948	72.6770017342173	0.879060228203788
115	2.59554017258004	1.3189295265731	22.0980913277322	-0.503696217711628
116	0.43988300386747	4.08761498836176	30.5533604799997	0.319476136587819
117	1.75441470989053	0.21947129103898	39.4406060696552	-0.13417018909884
118	0.921401276409767	0.825078065892383	51.9268694403166	0.271273219197805
119	4.8007768940849	1.97119657630995	84.9208242545387	-0.499835482455609
120	0.334923152030982	0.414625396783292	23.9068014353204	0.398755665781692
121	1.48202973790424	1.09434114223798	32.2134109320653	-0.128682603546899
122	0.783486516434828	2.87062255345733	41.5037708525491	0.455277311596156
123	3.3484731203499	0.606352951667574	55.4858540643336	-0.923988555001561
124	0.54663546614877	1.45086967464255	123.210673801017	0.844665990483656
125	2.10731421005921	5.31450899695746	8.46141685327268	-0.700673919219078
126	1.07866686519104	0.288760485648667	24.3243520925321	-0.410840483417153
127	12.3402860144492	0.90783108839847	32.6170116677737	-3.55737527688628
128	0.0769378528534436	2.20922002694532	42.0215784232794	0.00881046317545764
129	1.11082374528684	0.476901253269435	56.4363227018144	0.25726912038518
130	0.567260013547343	1.20093838862395	15.5371084758229	-0.160533041448052
131	2.18615420287218	3.3661209671061	26.0197371906519	-0.686171164185277
132	0.354776814565121	0.67520437797314	34.3286737686414	0.140256076003187
133	1.52847131047108	1.60014958722865	44.292143822344	0.576363601452083
134	0.808120214229637	8.47654383388831	60.9446234088664	0.874051336029917
135	3.54254994049343	0.164751070107886	18.3980215446304	-0.935475011980333
136	0.244682760319851	0.773032232804967	27.6711519687121	0.128538305401911
137	1.30023132139816	1.83443250608608	36.1027395471817	-0.0703646424159461
138	0.682179943545269	0.373297714539161	46.783320101426	0.185142697061857
139	2.71031345331949	1.02861180826018	66.7496766492393	-0.247401034582076
140	0.459592195224014	2.61349477192324	20.613064495218	0.166628192523965
141	1.81330387141816	0.562173038417279	29.3069078476687	-0.0650529256518866
142	0.949239024893986	1.36121254093946	37.9596114546199	0.247653211098539
143	5.26983348812422	4.41516937573835	49.5626990958024	-0.85382294094027
144	0.180038950708535	0.243613707430022	74.9930980159327	1.09962230062299
145	1.20147287411264	0.852000767600133	22.544389968378	-0.291581710800677
146	0.623578173171131	2.04568570837429	30.9491411608909	-0.133475213784787
147	2.42307331603288	0.435298752423997	39.9229534346686	-0.245250785880218
148	0.40717763950663	1.12873935575066	52.7290897324232	0.286421170621049
149	1.66229600331813	3.0185109864645	89.4982716437943	0.163298831080573
150	0.876487459059753	0.628930936771541	11.4572813926027	-0.193427845043027
151	4.20817061870899	1.49850475172702	24.6686434358577	-0.883836354681234
152	0.301280899976466	5.97684359144863	32.9552602029346	0.407089371143587
153	1.40859872073254	0.310367944313661	42.4605851269348	-0.235531967088889
154	0.743530351623086	0.936819148069868	57.262704024364	0.0998395717496146
155	3.0702016483456	2.29944332477875	16.2008820506575	-0.522998540346967
156	0.51276231542939	0.497909580950475	26.3525065797608	0.846029713837899
157	1.98587741246047	1.23889050201193	34.6778761036587	-0.115909052396285
158	1.02707587587107	3.57367641512921	44.7708966328222	0.473636753701055
159	7.5131960972009	0.698956911678751	61.9791218444528	-2.14126942544542
160	0.139705629214172	1.65451711654559	18.8747822373602	0.110233557595607
161	1.15521599714712	12.1077156822715	27.9987841963731	-0.165737390837321
162	0.595162316823551	0.0999362746658908	36.4667894642727	0.0483064359070087
163	2.29932173183815	0.731331207093414	47.3135319088075	0.0861688171446132
164	0.381032616605538	1.73115106207882	68.145132227352	0.938532760367599
165	1.59345955117105	0.338586894682867	21.0162492911454	-0.159735269202206
166	0.841795619577897	0.97668034264125	29.6341951458087	1.01337662721756
167	3.84318671163377	2.43016010595778	38.3429284057836	-0.640347968032017
168	0.273561913438708	0.52621431759638	50.1610964183396	0.147580449743233
169	1.35310619212617	1.29160468431177	77.1573721336337	0.596404944889254
170	0.712481749880004	3.89859849307493	22.9097902796837	-0.0753053530865532
171	2.87926016818396	0.202447994746124	31.2800790086115	-0.645539169985576
172	0.48604443194239	0.807471580323972	40.3308165851584	0.118507123471766
173	1.89656184709797	1.92389963548499	53.4209504715084	0.0851538148167744
174	0.987473518095564	0.400859895963883	94.340583962104	0.250016690646574
175	6.12597726584042	1.0719923903028	12.8894978354245	-2.03803324688785
176	0.213949515009184	2.77970013298227	25.0100001609804	0.47778784298466
177	1.2497525839346	0.591488709652076	33.2954037791755	0.410698320488838
178	0.652564889125825	1.42018651392564	42.9067727926938	1.07359307128578
179	2.55927817842366	4.96687978999527	58.1232793417665	0.00962437909711978
180	0.433331328737029	0.274055171393657	16.8073387413589	0.261638706559923
181	1.73541069190212	0.888913350125984	26.6838045157481	0.315281783833335
182	0.91227392064362	2.152362204005	35.0297238062927	0.0125389976579381
183	4.66637602953523	0.462981603406681	45.2588781467941	-0.50852381905972
184	0.328259425471158	1.17634270799071	63.0694967169985	0.158599327527397
185	1.46695909103749	3.24138068054811	19.3320359049613	-0.527164098618419
186	0.775388082190284	0.65960453490962	28.3259980661724	0.0186615177772357
187	3.28869500990686	1.56526461465841	36.8343170937547	-1.21140817130302
188	0.539813258872475	7.34441360051646	47.8558347397172	0.176674116848955
189	2.08207659930098	0.142746858119526	69.6466807528595	-0.260267151596602
190	1.06815344366354	0.756179303271037	21.4099354544377	0.0461061528210518
191	10.6072421445641	1.79204999178506	29.9619090148013	-3.23308432206724
192	0.114073006301651	0.35946420577994	38.730697748249	0.176564530655313
193	1.13279604833736	1.00754544234899	50.7757980860695	0.271539837072455
194	0.581150568814921	2.53721287521211	79.5913163301271	0.404188318398218
195	2.24151589482512	0.547704613049821	23.2699512422805	-0.154411927807346
196	0.367927094593751	1.332847063141	31.6121907884212	0.250779990546288
197	1.56050889585773	4.19032402332291	40.7443283094306	0.118771797806562
198	0.824835544080676	0.227678605999674	54.1357257774835	-0.0224156108847082
199	3.68610893126149	0.833982556219676	100.755989871768	0.780281166312656
200	0.259301863446379	1.99553741211665	13.936873165916	0.0908476657531227
201	1.32635601283695	0.421511354233142	25.3487631146844	0.478351537985605
202	0.697241296049504	1.10568811981746	33.6375884633237	-0.0787915408842781
203	2.79232060955902	2.91829687565525	43.3605023844865	0.0582305158689594
204	0.472789558478272	0.61384035186643	59.0212548731467	0.469004770656575
205	1.85422173359789	1.46652789598921	17.3700000339232	-0.362113981303924
206	0.968191636932293	5.51324956568052	27.0138659556183	0.432193006209842
207	5.6555398125023	0.296016137391879	35.3843750256449	-1.44832752086603
208	0.197519505458694	0.917410654338653	45.7565829814102	0.580648935315424
209	1.22534931603391	2.2386100249909	64.2224627482229	0.16854680754551
210	0.637996594654419	0.483885537757555	19.7726888461883	-0.0515668662601548
211	2.48948433616336	1.21344486410216	28.6529748268843	-0.0327411660912758
212	0.420246844439621	3.43237960113454	37.2055038059905	0.00272966291435195
213	1.69828911435807	0.683073777035515	48.4109396359296	0.105183513050692
214	0.894238757490791	1.61799255669019	71.2722155757433	0.23030137191716
215	4.4231303429273	9.28449423202873	21.7952381330462	-0.955692321878027
216	0.314842887111675	0.174788851797286	30.2902040810892	0.772531787423055
217	1.43740353579736	0.781548537177633	39.1231379738419	0.173712780006759
218	0.759354072785068	1.85619274312573	51.4078865071497	0.122934062409174
219	3.17558116357437	0.380197655437131	82.3717892390262	0.00112675407521212
220	0.526242144909703	1.03929783308603	23.6254375272815	0.130545974052079
221	2.03305882411694	2.65325564678492	31.9456209195694	-0.250701530272396
222	1.04742316847081	0.569452997769745	41.1637636293186	0.174422320491576
223	8.66106832492086	1.37566894246397	54.8751881864547	-2.32158101289815
224	0.161049969193642	4.53882015807166	110.227298908523	0.964571015083673
225	1.17810186026791	0.251380535218002	14.7947276610367	-0.417286253798115
226	0.609302463690761	0.86111725340088	25.6852456271672	0.0720405127133103
227	2.35976779804253	2.07152843136034	33.981961909301	-0.166150761408932
228	0.394110921232817	0.442203586111719	43.8221569779804	0.453422427170503
229	1.62737136064269	1.14044863698519	59.9602967766145	-0.20214588771666
230	0.859009725190396	3.07124952331235	17.8980451114127	-0.0666822153486793
231	4.01618556003556	0.636536211232003	27.3429120709556	-0.812886432617209
232	0.28753587000976	1.51483481989916	35.7419916072476	0.30670841795943
233	1.38051033987186	6.25123210769072	46.2645408373981	0.279486966537943
234	0.72790886676302	0.317475838050182	65.4459972752418	0.751662744703395
235	2.97167595319364	0.946651362680891	20.1990668196894	-0.64013018455724
236	0.499365822731706	2.33094373887827	28.979888706814	0.393905392548335
237	1.94041429296137	0.504951863244118	37.5805371540967	-0.355059695289862
238	1.0070972271377	1.25183610180513	48.979616142025	-0.175118589031817
239	6.72076789626968	3.64918472902221	73.0444995763268	-1.29888753865486
240	0.229608772786993	0.706972824237574	22.1731136401328	-0.229331401347608
241	1.27470528314524	1.67321466710317	30.6192318228734	0.562729622772133
242	0.667290253482819	15.4525959115958	39.5204770882862	0.336511298442891
243	2.63276881673377	0.0550343909499737	52.0585485746196	-0.0870148327475798
244	0.446442826942411	0.71774028019825	85.6134557186881	0.813889331266947
245	1.77372555650298	1.69861502372432	23.9767534010387	-0.211680032136851
246	0.93060363958843	0.326894045271823	32.2805132830151	0.540377446633837
247	4.94517880384494	0.959897486918978	41.5894119704751	-1.26367416415152
248	0.341561875012399	2.37413755139306	55.6413152823135	0.651846450839036
249	1.49730198390529	0.514375704599395	128.262743652729	0.937221467480466
250	0.791640635784698	1.26933545207455	9.45139409761158	-0.167316929802766
251	3.41059491580135	3.75551547482763	24.3934625233075	-0.649566388724208
252	0.553483372037662	0.187467962695951	32.6845167398815	-0.185619936160919
253	2.13306062670151	0.79299952572594	42.1088219187763	-0.0880356813689437
254	1.08928172010543	1.88582404510848	56.5990038543052	0.650674189765431
255	15.7269790502848	0.389385834209234	15.6753160422198	-4.78661956888795
256	0.0614012716812547	1.05370902374147	26.0864205748913	0.481179212833291
257	1.10539855998933	2.70807390698382	34.3983100844743	-0.00975394206938604
258	0.563805460156487	0.579209463931077	44.3871787346316	0.125060357979361
259	2.17267464728731	1.3952378628935	61.1473396487173	0.569282755382784
260	0.351479978495226	4.71744156780716	18.4950984126789	0.978812073509307
261	1.52059926231314	0.261563291359763	27.7367208447133	0.41928454679773
262	0.803978563209843	0.873387105689678	36.1752798257836	0.715247766197306
263	3.50853930461031	2.10682480253652	46.8884275009243	-0.944047055433722
264	0.240961294686942	0.451425186895127	67.0210109313774	0.991970420688323
265	1.29379470200264	1.15625732294773	20.6945211748398	-0.677002823339372
266	0.678441715851661	3.14454681010904	29.3723387255183	0.449264573693483
267	2.69052585440114	0.646741132325948	38.0359288412522	-0.844746113694738
268	0.456300737852948	1.53697600449968	49.6811229744202	0.529316076737935
269	1.80328679009092	6.67705634336836	75.4072208961608	0.895111311503269
270	0.944550898121193	0.121242299418344	22.6179185948439	-0.217358369502643
271	5.18364885574816	0.74231250547364	31.0152417778386	-1.08041040729448
272	0.175456986530852	1.75783561329203	40.0040869258661	0.538211721840208
273	1.19558354736681	0.347888741023206	52.865707633336	0.285851658249085
274	0.61999614582871	0.990291979267155	90.3764670713692	0.123456002604166
275	2.40696590431183	2.47670827560246	11.7950503884168	-0.553462786871152
276	0.403911252746171	0.53573560519544	24.7371382140644	0.67583639950426
277	1.6534669182493	1.30974662396007	33.0231326603045	0.143837236684639
278	0.872092773067777	4.02230999136746	42.549236935132	-0.125955807493983
279	4.15819518338668	0.213894614665114	57.4319869502438	-1.1198567316468
280	0.297863434405522	0.819179565603963	16.3262434200262	0.591529209523826
281	1.40151075228207	1.95522965026845	26.4188761509562	0.145452715724394
282	0.739606331093356	0.410036413532512	34.7480290036524	0.620431237079474
283	3.04495884479846	1.0868409994853	44.8677392898673	-0.302197431332228
284	0.509405695749928	2.83967946234289	62.1925277743585	0.666388657739672
285	1.9743549155297	0.601382083668058	18.9676906546281	-0.287612315421963
286	1.02204719915381	1.44054943265016	28.0642545298476	0.0886140231458603
287	7.29026150868252	5.19188446699984	36.540011053851	-1.8639467124535
288	0.133822108654348	0.283889341444393	47.4210032320049	0.903109550995443
289	1.14956806009741	0.901489799865071	68.4364401746395	0.607724215599996
290	0.591647622968475	2.18998880054528	21.0957081520406	0.460020083387857
291	2.28463078042723	0.472254454539558	29.6996987955616	-0.101686167409074
292	0.377759437209817	1.1926787522182	38.4201192219153	-0.373814706494483
293	1.58513371626084	3.32343366191927	50.282699169228	0.424488785569391
294	0.837532153231737	0.669984108439899	77.6205255526877	0.939070014090053
295	3.80252824843514	1.58840439621713	22.9822225948468	-0.810410085714249
296	0.270026259216743	8.04356137666834	31.3464028171523	0.942538722492894
297	1.34635847966424	0.157744307051965	40.4130584412372	0.0957045311242843
298	0.708654434432654	0.767388269397941	53.5620183627423	0.424913685210791
299	2.85703452511979	1.82013934725955	95.4691210505596	0.372392712673282
300	0.482724821587927	0.368692182589122	13.1202687587245	0.219679206425953
301	1.88583869029304	1.02154490220131	25.0779498557756	-0.102296424292413
302	0.982621501178135	2.58760039809563	33.3636727278993	0.722927559427285
303	5.99863944777913	0.557336942188237	42.996903429386	-0.968949800281476
304	0.209923167231763	1.3516773603881	58.2997722603094	0.559280377852358
305	1.24360116229207	4.33709824653007	16.923032452546	0.164520323263713
306	0.64890837216905	0.238365821698983	26.7499084590137	0.3788913844956
307	2.5414960912999	0.845963225641985	35.1004246458263	-0.220910439658569
308	0.430058117224302	2.02874636419746	45.3576248244152	0.196221509492851
309	1.72602104598032	0.430700062442613	63.2948473818048	0.342255361501798
310	0.90773793981341	1.12100182131356	19.4214128827224	0.552498886889113
311	4.60255663310623	2.98435233380913	28.3914067168567	-0.496582097239868
312	0.324917120492922	0.62388322744826	36.908255800489	0.0267961594564612
313	1.45949785994357	1.48774601367352	47.9658078110772	0.392946043177247
314	0.771359417498793	5.81106071182435	69.9612204606224	0.98919847321469
315	3.25963724974329	0.305605522755515	21.487633997498	-1.2827799476895
316	0.536411497048163	0.930312144502039	30.0275166435127	0.0542665167823685
317	2.06964310916683	2.27885173212938	38.8088049685626	-0.510692421444634
318	1.06293416098096	0.493226240975734	50.9007884366874	0.179212894786752
319	9.99300548078029	1.23034342175185	80.1166918226021	-2.03643611710818
320	0.106466716876875	3.52519927564423	23.3414055322947	0.655617858606112
321	1.12726169911635	0.693640775285015	31.6787667374786	-0.101731566509836
322	0.577666851022238	1.64221530962555	40.8277324392014	0.454521437133919
323	2.22745353061065	10.8762221003143	54.2815831522418	-0.364474872126769
324	0.364644453739013	0.0864475439639767	102.328448408039	1.34598762943281
325	1.55241570325406	0.725876996753974	14.1203781708458	-0.331487181964964
326	0.820634122834752	1.71802950625045	25.4162324667285	0.0693208952479094
327	3.64903383858656	0.33391933475855	33.7062832940952	-0.0908040789286392
328	0.25568403240888	0.969936712864351	43.4521866329765	0.653359571374762
329	1.31976727584237	2.40747117184987	59.2056515656528	0.582226254103394
330	0.693459459697238	0.521470727878261	17.4781384293718	-0.0247205961546446
331	2.77137591920836	1.28264338916753	27.0797495496182	-0.379673495624176
332	0.469485188369034	3.83991611513767	35.4556558638126	0.589179355512823
333	1.84386228240019	0.196555870383359	45.8573367038914	0.091126121935532
334	0.963423093900727	0.801661321028856	64.461243233038	0.831121841767471
335	5.552289267497	1.90852766538862	19.8590403674223	-1.59141851395413
336	0.19326174987777	0.396271188126823	28.7183571707349	0.682024403290123
337	1.21933167141313	1.06464255817267	37.2801966278058	0.737030862763684
338	0.634378218848791	2.75061895882611	48.523563479949	0.850139593161857
339	2.47257585563267	0.586565582219342	71.6140993884573	-0.215860530929034
340	0.416978590856546	1.41014081821739	21.8713792312354	0.591735628507887
341	1.68918746522183	4.86324991477812	30.3559462167119	-0.536287943207781
342	0.889774729382779	0.269087098892591	39.2022064129392	0.354568818303318
343	4.36697357327913	0.882677278633535	51.5364930585634	-0.783571933324598
344	0.31146737486313	2.13395280427496	82.9786361449201	1.27356176628031
345	1.43013332787453	0.458354732865035	23.6960191496166	-0.0627565800669417
346	0.755378745829445	1.16826456544836	32.0124778138765	0.152131382446044
347	3.1485482118226	3.20191658749081	41.2483867269136	-0.438200647697333
348	0.522863935704259	0.654444600554207	55.0262131885254	0.955826391096201
349	2.02109611501777	1.55386586297444	112.792645596903	0.931668711560514
350	1.04230101206835	7.05541510597204	14.9509331271121	0.07818432682492
351	8.32550590611553	0.134604725590891	25.7522943347706	-2.52708800349628
352	0.15598217704969	0.750613592030713	34.0511123794542	0.477114665329471
353	1.17233568023532	1.77824703469056	43.9154742843757	0.511852244066843
354	0.605754997360213	0.354840087819092	60.1533934025476	0.592155347462742
355	2.34439719899523	1.00061170865027	18.000110501582	-0.248781768085604
356	0.390843012849464	2.51269064724305	27.4086180512207	0.0396460236141912
357	1.61880053855534	0.542907734129975	35.8138852963927	0.132256042214856
358	0.854681864152431	1.32354946658003	46.3674120642472	0.272242798972904
359	3.97128902094326	4.12119660367614	65.6999823377757	-0.563150144752154
360	0.284065854894392	0.222227083747682	20.2828024500731	0.576320146671667
361	1.37359637016206	0.828038614411843	29.0452788309415	-0.562596307592076
362	0.724034169155372	1.97925753233828	37.6560223940148	0.398793314581409
363	2.94802566505273	0.416920316784361	49.0950522689706	-0.231738401221287
364	0.496028763069095	1.09811047762993	73.4190193815482	0.623061405994691
365	1.92930417250894	2.88634287660901	22.2478723186984	-0.886279323372595
366	1.00215854627271	0.608844566592637	30.6851384360054	0.187422458284626
367	6.55725893421118	1.45606516872844	39.600553560294	-2.03044795346024
368	0.225754919301318	5.37867322614931	52.1910224416232	0.545515910802483
369	1.26841431490488	0.291185580839303	86.3314241957918	0.43938449884258
370	0.663593791505931	0.91101520067846	24.0465568177651	0.345611625239672
371	2.61403085677551	2.21894331960365	32.3476798737249	-0.36501237551238
372	0.443161812611928	0.479227420953574	41.6753137583694	0.130203492924632
373	1.76403122922924	1.20509149791637	55.7979308274512	-0.172197545129436
374	0.925992995085103	3.3879030093878	134.88124893137	1.00171056686282
375	4.87164701407465	0.67782227193009	10.119670166482	-1.1972413782823
376	0.338245434239267	1.60606694409082	24.4624438682067	0.346233764278813
377	1.48964035449854	8.72136376061072	32.7520929714534	-0.0581287827646184
378	0.787556549119689	0.168155012373153	42.1963416281154	0.094026327092546
379	3.37923107667435	0.775864241160174	56.762960334521	-0.687971328038643
380	0.550056148060564	1.84164273394143	15.8106247353573	0.397934074026799
381	2.12012269276428	0.375598714405553	26.1530371886341	-0.44340425775061
382	1.08396149012447	1.03216231802836	34.4680472395516	0.01122072654929
383	13.6783240947319	2.62662380691635	44.4825677966306	-3.66278505117985
384	0.0884611295667447	0.564596209721048	61.3521028562098	0.315978942968106
385	1.11627581885871	1.36601069476175	18.5912827810344	-0.0673323408570334
386	0.570721687065368	4.45548018381232	27.8022669850846	0.861996019405994
387	2.19977543068344	0.24621605987595	36.2479535556458	-0.305909490980049
388	0.358069623694043	0.855031520887521	46.9939971577943	0.290153199803999
389	1.53639761024463	2.0542414298385	67.2961122699141	-0.02654962093303
390	0.812276598405742	0.437599397325453	20.7755573481151	0.342744182912097
391	3.57728405919612	1.13262862297938	29.4377816242431	-1.40711894561545
392	0.248375959199054	3.03588636644833	38.1124175590658	0.457486095282821
393	1.30670534920061	0.63146149478525	49.80016680439	0.455958356685858
394	0.685928899642376	1.50392229238755	75.8302984144813	0.270664272876996
395	2.73037966170516	6.06463649127351	22.6912177953837	-0.203375086541896
396	0.462886655244986	0.312741814575784	31.0813847071266	0.283405827519187
397	1.82340464224971	0.940086929341025	40.0854379034088	0.270716884438469
398	0.953946975985321	2.30986059515616	53.0031900491933	0.791955670980903
399	5.35979461154065	0.500254659928436	91.2955558842942	-0.289029971325329
400	0.184528323822485	1.24318891472505	12.1014428166413	0.253366203119908
401	1.20739378464646	3.59846362550339	24.8055185289988	0.315045567670096
402	0.627169119956068	0.701623280759925	33.0910820795327	0.727722541369494
403	2.43937466955208	1.66071667873341	42.6381787365718	-0.173082244824941
404	0.410444187899687	12.9343875389637	57.6026606920889	0.995849886428681
405	1.6711918463897	0.105797393050526	16.4494599362268	-0.39039093702745
406	0.880899241061068	0.734067358312582	26.4851888404115	-0.214076496835915
407	4.25957565526433	1.73776647218073	34.8182889618704	-1.25499385088759
408	0.30468696526968	0.340916313687196	44.9649548422627	1.0384406368816
409	1.41573145605462	0.980067602401619	62.4082156135476	0.29151187007884
410	0.747467011025232	2.44164868318964	19.0598466291487	0.0852574647169451
411	3.09587215383083	0.528590312726217	28.1297096284496	-0.980645676206343
412	0.51612414505468	1.29611254155882	36.6133731658095	0.161878831115166
413	1.99750725173212	3.92870859215827	47.528963537634	0.0800317111437432
414	1.03212758973362	0.205349575587016	68.7321101913737	0.93467428458119
415	7.75729652506737	0.810387571204608	21.1747971706669	-2.56580564784213
416	0.14533651331761	1.9316580636132	29.765220768104	0.557444229813221
417	1.16089304911915	0.403154025259833	38.4974898242322	-0.259544461689611
418	0.598685035812542	1.07568579779259	50.4049621407172	1.03145816333008
419	2.31417758497767	2.79446376507389	78.0949159056216	0.0986284328649609
420	0.384304104176181	0.593956104932465	23.0544502886691	-0.166574647668507
421	1.60184544068864	1.42524302364663	31.4127747438313	-0.153777184432576
422	0.846074961275328	5.020805870295	40.4955283535436	-0.305825034558444
423	3.88483705727355	0.276525963250995	53.7040158337952	-0.595328334113228
424	0.277079762379102	0.892044339574216	96.6655237072056	0.94814933425522
425	1.35989476891455	2.16166659295004	13.3389470090057	0.459758294346632
426	0.716320731068827	0.465297349758842	25.1457984746017	-0.411156441055436
427	2.90182763943456	1.18040408841093	33.432024491226	-0.361701892575321
428	0.489368201684712	3.26149447445482	43.0873386625167	0.519626607099075
429	1.90737948442775	0.662191906230179	58.4777874211595	-0.307005938774516
430	0.99234689655661	1.57100639124795	17.0370707998147	0.0225547006818471
431	6.2609388602001	7.50235437200508	26.8159647964274	-1.59281678303492
432	0.217928126886925	0.146639984316456	35.1712388962839	0.524025301937335
433	1.25593833868039	0.758971785790921	45.4567644415409	-0.219058266929618
434	0.656231222662096	1.79901127817761	63.5227569022974	0.679864199540382
435	2.57729110518582	0.361773571036573	19.5101477910447	-0.596589897878463
436	0.436606232887249	1.01102869871882	28.4568073200131	0.344574991944699
437	1.74487489222266	2.54963922313346	36.9823423303173	0.4525222639538
438	0.916828309163594	0.550107813096188	48.0762987350746	0.224406498106052
439	4.73240346141372	1.33752502001458	70.280867775737	-0.180052228656993
440	0.331594622994423	4.22591537956475	21.565005798892	0.375789261117787
441	1.47446951854774	0.230376159831487	30.0931487508992	0.147133947210935
442	0.779430404796657	0.836966049557358	38.8871007858564	0.192665660508425
443	3.31830084783363	2.00375755788558	51.0264830595587	-0.662403847639304
444	0.543221209049547	0.423807604833872	80.6565699531736	0.649313649554702
445	2.09463291490378	1.10949660626	23.4126772354113	-0.451031427152183
446	1.07339759786792	2.93453713070418	31.7453965742039	-0.428611788402864
447	11.3650541267214	0.616344599604538	40.9113757337395	-2.95842930123241
448	0.121084692921185	1.4717955332404	54.4284424635393	0.873803081740626
449	1.13835837102395	5.58390684912725	104.033977956508	0.921721206244193
450	0.584641861507758	0.298422098044375	14.2973323291176	0.395965501350611
451	2.25573092049397	0.920622114140829	25.4836130629847	-0.4170750206101
452	0.371206949514181	2.24855539630091	33.7750668589788	0.167343540883355
453	1.56865913937181	0.486217583485983	43.5441909807184	-0.372544433862133
454	0.829052260512929	1.21764535040101	59.3917209354097	1.02557470394203
455	3.72402660150486	3.45508920038442	17.5849588895413	-1.35505808909183
456	0.262897362586798	0.685707467984508	27.1455942775628	0.340766645946791
457	1.33298383479347	1.62400137353203	35.527056616993	0.26925327528276
458	0.701034325634634	9.61238259226807	45.9585048395369	0.289275800693499
459	2.8135732161263	0.178027050741208	64.7029121274877	-0.792529264085093
460	0.476097525446564	0.784400915885737	19.9448385588942	0.562456230443612
461	1.86467003955495	1.86353344745765	28.7837383817174	-0.651617735216976
462	0.972980756764378	0.382495780162004	37.3550448251644	0.0941880917712551
463	5.76401364344943	1.04288299303708	48.6367364355577	-1.44521032068727
464	0.201712406710488	2.66676262545267	71.9620419629501	1.26389663248608
465	1.23139988138795	0.571886693821959	21.9472306348572	-0.513975008021213
466	0.641624337345618	1.38052936682573	30.421718865984	0.400541330730675
467	2.50660406485769	4.58192228902158	39.2814726465532	-0.148158669420064
468	0.423516058122982	0.253943749104348	51.6658522122335	0.241241700513889
469	1.70746126914273	0.864172338105491	83.6048878919883	0.121403923331486
470	0.898720525236156	2.08026113099485	23.7664378913293	0.327738849563477
471	4.48104567129809	0.444507247330649	32.0793943475304	-0.8565567453948
472	0.31820933887814	1.14437957814434	41.3332606833316	0.15073249167753
473	1.4447206538054	3.08924577714007	55.1783209123422	-0.385994254040525
474	0.763342541759983	0.639080447225757	115.72258751595	0.981299825269033
475	3.20309668220926	1.52033025586439	15.1029775234599	-0.934033712046672
476	0.529626060528576	6.35059736014233	25.8192656815568	0.0169444041689764
477	2.04513624837883	0.319836358749705	34.1203575864157	-0.476156347457973
478	1.05256925796762	0.949948140809933	44.0091281765829	-0.747915581860629
479	9.04185423594943	2.34161194194692	60.3483359932052	-1.79679071585573
480	0.165974841719864	0.507304077559895	18.1011013879985	0.287006556121764
481	1.18389835714221	1.25618512641197	27.4742934359876	0.187647141080339
482	0.612858402753473	3.6751395440139	35.8859055743167	0.295930947191607
483	2.37531698230952	0.709656080421987	46.4707207547879	-0.315598798760656
484	0.397378113029993	1.67951372430617	65.9572521295202	0.777840454750454
485	1.6360054655174	17.6771287123609	20.3660573282933	0.0514978386641993
486	0.863354061343995	0.0684500305275186	29.1106745006899	0.428420613396764
487	4.06226431389582	0.720446628383384	37.7316708371596	-0.462419214816876
488	0.29099163137756	1.70505126832774	49.2110714338019	0.685016497084423
489	1.38746706470638	0.329239199085885	73.8008374095966	0.637644287496439
490	0.73179571157139	0.963233821639101	22.3223734453546	0.271889444967248
491	2.99570757628879	2.38515725286505	30.75108150011	-0.364393252651542
492	0.502707577964611	0.516738054809352	39.6808374445313	0.575200995793542
493	1.95162503531803	1.2737537429868	52.3243020984796	0.298890054659117
494	1.01205808884284	3.78318464082726	87.0766335525391	0.381166488341042
495	6.89627710998693	0.190533257169508	24.1162150899725	-1.72545661354371
496	0.233426305228648	0.795879707933624	32.4149118553225	0.228865765439816
497	1.28103207821496	1.89334536090503	41.7614787359881	0.0302149994061599
498	0.670996985420712	0.391681364090164	55.9557196738436	0.315601789418536
499	2.65175990223787	1.05734148276402	144.41824525903	0.665541284337079
500	0.449726211707163	2.7221153474241	10.6418568007887	0.349923288967841
501	1.78349882050084	0.581657745737594	24.5312991596818	-0.202422111463734
502	0.935233386044222	1.40018367476638	32.8197415197312	-0.315315066666191
503	5.02155336429462	4.76483474890653	42.2841402446595	-0.887465302313791
504	0.344872864445334	0.264081301182081	56.9282140912988	0.283095485259262
505	1.50501525210963	0.876475378993324	15.9432152267469	-0.630733570412436
506	0.795738910302601	2.11580373012962	26.2195890627283	-0.00114583461953213
507	3.44258584850356	0.453733672600353	34.5378864678022	-0.18967948772626
508	0.556917254735193	1.16024521262567	44.5783146593817	0.441158134083386
509	2.14613033308361	3.16343359262032	61.5589570766494	0.447171670297457
510	1.09462780556877	0.649304149410764	18.6866055451899	0.261567968820937
511	19.7064322426632	1.54257851501063	27.8677919171657	-5.7480333002376
512	0.0496896360207637	6.79671990836345	36.3207621336464	0.712228828183891
513	1.10269596814024	0.125879300827381	47.1000342560896	-0.0613386616704794
514	0.562080817699847	0.745073261464293	67.5750896322641	0.0530051119569063
515	2.16598719043889	1.76460087791743	20.8561838409783	-0.389868953824048
516	0.34982994542943	0.350208035111039	29.5032378171846	0.0803883730278998
517	1.51668337275798	0.993721201006115	38.1890792720075	-0.00357272484301939
518	0.801913219518305	2.48859778234426	49.9198383583472	0.752485305973687
519	3.49179711930933	0.538123277723362	76.2627282662417	-0.407636643516457
520	0.239089411612962	1.31432862779886	22.7642927771659	0.66053261539114
521	1.29059029397617	4.05465951727233	31.1475711137282	0.0377850655181909
522	0.676576589154167	0.216694159249651	40.1670084402929	-0.123479725323022
523	2.68073442992175	0.822125066065386	53.1415494576737	-0.217172946655562
524	0.454656087063369	1.9631874778758	92.2594712184762	1.07239705227505
525	1.79830924915213	0.412330785437921	12.3830826332901	-0.428994556236587
526	0.942214211489724	1.09058467882907	24.8737871511397	0.0212145417268841
527	5.14188703714226	2.85506910730001	33.1591096266141	-1.71823711413231
528	0.173128309606162	0.603865470270178	42.7274133836747	0.335066887815545
529	1.19265062677786	1.44569782805399	57.7747501713958	0.547115165445245
530	0.618208442045775	5.25227957999248	16.5706458902791	0.467379237306315
531	2.39898366880794	0.286328497217714	26.551446549719	-0.599511549453923
532	0.40227805409454	0.904655974201372	34.8886572375975	0.0934281387754546
533	1.64907713015666	2.19956883213442	45.0625471909836	0.440853933225412
534	0.869901791867162	0.474576947601603	62.6262370934616	0.998685568239567
535	4.13372202324177	1.19680084406438	19.1512743051747	-1.30216310589843
536	0.296150221826659	3.34463348589296	28.1951509533511	0.389006695665756
537	1.39798339443245	0.672591670034288	36.6868772412331	-0.263824415996898
538	0.737649021645585	1.59426216185239	47.6374184207885	-0.237032172464822
539	3.03249396232411	8.25150115529721	69.0322778781672	0.121410799008864
540	0.507729300068682	0.161282704068885	21.2535255176956	-0.0339425377163443
541	1.96863337569102	0.770206923880698	29.8307623054622	-0.271069714062854
542	1.01954143160198	1.82726485874535	38.5750419454732	0.199729819197546
543	7.18575236819702	0.370995569508748	50.5278938257531	-1.82072082285308
544	0.130770906860172	1.02507269491833	78.5811023697688	0.933217600277891
545	1.14675491862816	2.60048762501469	23.1264779741176	-0.0293009659577795
546	0.58989325039837	0.559753295881167	31.4791959448551	0.577858951082389
547	2.27734614341694	1.3564348164325	40.5782284992537	-0.322998104449563
548	0.376122131687015	4.37571932043761	53.8469567391987	1.45899720900598
549	1.58099307776197	0.24099716883276	97.9383061450782	0.376726657973194
550	0.835406327386799	0.848978019835587	13.5471226332626	0.0706958017117065
551	3.78255816668712	2.03718757994344	25.2135485619799	-0.535618376578226
552	0.268251436796571	0.432998994341229	33.5004602471917	0.222464952762751
553	1.34299980511992	1.12486378688185	43.1780815181134	0.227302803373768
554	0.7067451141792	3.00133428959355	58.6573532800767	0.801708016631054
555	2.84604707609643	0.626404860566612	17.1495310514414	-0.596143856086415
556	0.481066533132178	1.49311273148154	26.881975316565	0.21831130881268
557	1.88051208695017	5.89239104361951	35.2421678457966	0.383304702392892
558	0.980203440923407	0.307989246750234	45.5563011740778	0.454726206981707
559	5.93759752963673	0.933560907098965	63.7532865866575	-1.41382062518173
560	0.207890977654708	2.28910740675401	19.5982599037581	0.77091693998133
561	1.24053821353903	0.495566789903336	28.5222012791636	0.531492047985817
562	0.647083759676344	1.23460871172044	37.0565781728593	0.0414715209595906
563	2.53269000215476	3.54925813585507	48.1873135640247	-0.680765879447709
564	0.428422090843367	0.696296090050331	70.6057943166923	0.646086245389819
565	1.72135385445702	1.64835009525755	21.6420587110968	0.352516704570579
566	0.90547679928165	11.4369547784806	30.1588065528596	0.0977933234328069
567	4.57143497253787	0.0935490757761029	38.965587007666	-1.355208031455
568	0.323243160521345	0.728601100654232	51.1528912611786	0.407656016020314
569	1.4557855096516	1.72457219305701	81.2117713478205	0.48068856269367
570	0.769350166137593	0.336254614726231	23.4837704666084	0.603517489080471
571	3.24530839316332	0.973303401975405	31.8120814497852	-0.717955757284607
572	0.534712899519248	2.41876807339105	40.9952604834398	0.368217367917995
573	2.06347176482054	0.523841136793018	54.576319154054	-0.0301830432995146
574	1.06033377174049	1.28711501270226	105.896580941832	0.948890981095966
575	9.7257672169266	3.86900613735102	14.4683623261957	-2.91411271151534
576	0.102378696885256	0.199517316782479	25.5509072523259	0.266131877664433
577	1.12450492803976	0.804562846182074	33.8439403513319	0.00430175343009041
578	0.575927797353659	1.91618968059407	43.6365186434736	0.25164089763997
579	2.22047870051019	0.398565642433967	59.5794956726006	-0.223269186904169
580	0.363001996700655	1.06831133828942	17.6905163185775	0.209457502661345
581	1.54839027609943	2.76508607506169	27.2114018291187	0.586817696983897
582	0.818539103440588	0.589025215062054	35.5985786057676	0.0767023774494957
583	3.63080210597974	1.415152506593	46.0600918672716	-0.63444056179209
584	0.253866330436783	4.91438292290775	64.9475428236231	0.584854327000574
585	1.3164874300652	0.271575666388592	20.0300990872645	-0.345298575128928
586	0.691572702441087	0.885791015136262	28.8491198133217	0.640255585874549
587	2.76101661778933	2.14312455373696	37.4300499408065	-0.839400845063426
588	0.467834306793139	0.460667415262841	48.7504650650302	0.251356454445576
589	1.83871545982919	1.17229623564572	72.3162648269848	0.123753711224099
590	0.96104647890148	3.22152327362202	22.022799133137	0.400572842258796
591	5.50248698002526	0.657022112758207	30.487523223467	-1.71627346464742
592	0.191106813925796	1.55955118925271	39.3609385634952	0.639240056271399
593	1.21633508760631	7.19574149425224	51.7959741968877	0.348087122081093
594	0.632572508518806	0.138739769743908	84.2518170653068	0.821836894408586
595	2.46419941345967	0.753393253283705	23.8366974470477	-0.0809660607760707
596	0.415344763972666	1.78512871309841	32.146371670294	-0.4531203887476
597	1.68466277831309	0.3571530816104	41.4183879120779	-0.222844603634075
598	0.887549316656027	1.00407313643164	55.3315286419255	0.102619274728798
599	4.33952572512264	2.52489725565437	119.134173636503	-0.172235257356243
600	0.309776051889089	0.54530460030684	15.2511744166542	0.190083465419231
601	1.42651564336833	1.32818859564459	25.8861618464332	-0.00341123029762913
602	0.753395970912079	4.15542554171926	34.1896987421601	-0.155854527156988
603	3.13520810492905	0.224962541713333	44.1031220780188	-0.584193886918081
604	0.521176932721208	0.831006761226679	60.5451623549435	0.674312506847816
605	2.01515718039535	1.9873709422615	18.2010583232421	0.0685075820414677
606	1.03974883747031	0.419215613573102	27.5399398283418	-0.0497564833913106
607	8.17185106480911	1.10189277367753	35.9580537977947	-2.54696722541814
608	0.153388827532517	2.90223323567567	46.5744717226177	0.509495476054288
609	1.16946386313076	0.611340353759075	66.2178955072526	-0.0896053552163921
610	0.603984406550355	1.46128450888666	20.4488443891834	0.124437819970647
611	2.33677774995172	5.44488088307834	29.1760770263716	-0.373498248409511
612	0.389208717073189	0.293604046679227	37.8074840842697	0.32195378338706
613	1.61453859881508	0.914208369655097	49.3276807691983	0.334441415402616
614	0.852524064294346	2.22873966225414	74.1902463543411	0.731233007170258
615	3.94926764202505	0.481555499610596	22.3966229419678	-1.09664723624298
616	0.282325249727675	1.20926028502323	30.8170621928675	0.204566462093049
617	1.37015526704727	3.40998675610996	39.7613307180969	-0.28096552147335
618	0.722101337629612	0.680445391666606	52.4583988234513	0.439422730157871
619	2.93634023522734	1.61201450765961	87.8512081545027	-0.0579654265665087
620	0.49436195293286	8.9892832119252	24.1857315551979	0.464873629617908
621	1.92378634817711	0.171499476901904	32.4822103796187	-0.297607278994023
622	0.999697458505146	0.778702994146352	41.8479094507977	0.105144747496757
623	6.47956421683865	1.84889599360332	56.1147012523169	-1.80307089382995
624	0.223813608211349	0.377898663796304	161.315034408296	1.64938964839433
625	1.26528214644559	1.03572430063016	6.701977521565	-0.139116363897636
626	0.661749376188849	2.63987674445218	24.2689687317298	-0.030374400156254
627	2.60475496326873	0.567022849603795	32.5630580681029	-0.139479879951885
628	0.44152214295902	1.37082944048723	41.9519807101952	0.400651121086827
629	1.75921331323051	4.49668529253044	56.3070816094385	0.543935301417455
630	0.923694780958957	0.248804815957151	15.4243215519491	0.278363500254298
631	4.83588991186352	0.85807033196132	25.9663410259065	-1.74119324137782
632	0.336585048282064	2.06285543625287	34.2730364940095	0.773761569076341
633	1.48582870831455	0.439900988872845	44.2163684569808	0.287777193061789
634	0.785519784359852	1.13653168447148	60.7838954996014	0.678725950273487
635	3.36377764856231	3.05346448657971	18.3196956346544	-0.448537978346524
636	0.54834499666033	0.633996573349969	27.6186794627372	0.019874602289407
637	2.11370241281427	1.50936557403952	36.0448024758352	-0.468598802674458
638	1.08131099256128	6.15601049024909	46.699563572759	-0.18617228755099
639	12.9498094726524	0.315111050272674	66.5352511396094	-3.53352661994576
640	0.0830170391911629	0.94336431327598	20.5475888691887	-0.0396727590701693
641	1.1135464044759	2.32036034874517	29.2545709403182	0.0396962370518744
642	0.568989953141813	0.502602072310694	37.8986797939453	0.574260748322514
643	2.19294694441196	1.24750407315412	49.4684012203258	0.369999973193597
644	0.356423701871961	3.62362964359319	74.6679955488833	1.1509094460277
645	1.53242763657724	0.704295238002511	22.4853982969235	-0.0496871436433086
646	0.810196556017572	1.66694909111456	30.8962903479429	0.221296569674936
647	3.55982488641039	13.9969274373395	39.8582018514869	-0.16685395482339
648	0.246532787205266	0.11125186566069	52.6204096392173	0.488904629621702
649	1.3034636337676	0.73680959671232	88.8228314024392	0.634253814784042
650	0.684053073330632	1.74441878723582	11.1579737785605	-0.256371080798498
651	2.72031130324125	0.343243007100321	24.6137633065337	-0.522189446734159
652	0.461239040358412	0.983465249301788	32.9010168673175	0.884834111581075
653	1.81834371807777	2.45323524881056	42.3898705797215	-0.0251788967325293
654	0.951590510868335	0.5309691643999	57.1282627302551	0.00173673531298141
655	5.31432390929032	1.3006387234122	16.0989653688341	-1.29405113218175
656	0.182294659262921	3.9593525309685	26.2993686744724	0.558526857648542
657	1.2044293610426	0.20822360322925	34.621830022763	-0.09903892228178
658	0.625372524651456	0.81331086682752	44.6936884035377	0.478603738035734
659	2.43119949473496	1.93946550694913	61.8100063810548	-0.191552134473059
660	0.408810880479067	0.405448105537725	18.799896772116	0.252257085347357
661	1.66673552361279	1.07939164503958	27.9463959705931	-0.0216591758323988
662	0.878691203173388	2.80937967163917	36.4083124061798	0.366958051001526
663	4.23368997406266	0.596427439799088	47.2279032124613	-0.947737718295408
664	0.30298531772878	1.43032222125466	67.9151392544506	0.468800010698936
665	1.41215946003887	5.07623111138824	20.9524095615403	-0.278480282476331
666	0.745497093690808	0.278988376841145	29.581804580054	-0.0136723267949425
667	3.08298264822494	0.895184039815967	38.2813040436182	-0.440705543145777
668	0.514442571119812	2.17103857363062	50.0642839657411	0.357603666406464
669	1.99167880408885	0.467614706231499	76.7945888676933	0.430849072058839
670	1.02959883945751	1.18448048381681	22.8516939298581	-0.224784267772529
671	7.63238147372072	3.28187050645564	31.2270538289473	-1.89906403388309
672	0.142550088735283	0.664784266007878	40.2651858514731	0.665218750690402
673	1.15805086544219	1.57677677422579	53.3087563317849	0.124831180081242
674	0.596922666168049	7.67064132210741	93.4817568228625	1.16883222304984
675	2.30672884300891	0.150430877982705	12.6948450845008	-0.726136460206899
676	0.382668555824461	0.76177074483153	24.955565893363	0.0515422014395556
677	1.59764494036364	1.80601298561777	33.2408474567786	0.0622243601791969
678	0.843933296783863	0.364081285528422	42.8348855822572	-0.122611455453049
679	3.86388525987102	1.01452297842112	57.9831623836505	-0.602816482444582
680	0.275323001816372	2.56217805542932	16.713536219799	0.0482024459822413
681	1.35649534377578	0.552514241031154	26.6308858693446	-0.13329794484054
682	0.714399774802805	1.34222261880401	34.9732439287751	0.756287062692272
683	2.89050060189856	4.26222412523018	45.18016095143	-0.477871326247199
684	0.487705788332084	0.233056033448141	62.8910187008308	0.5913672303271
685	1.90195876366985	0.839957291693892	19.260058534751	-0.690044195475681
686	0.989907524590932	2.01203200570883	28.2736644012912	-0.236768197901972
687	6.19245521997725	0.426104430463319	36.7752715664005	-1.61624272198283
688	0.215944576064323	1.11331832399866	47.7682251303525	0.446846753609843
689	1.25284114694228	2.95095742735555	69.3986163456529	1.01560154488701
690	0.654396821768122	0.618853135657936	21.3475359355378	-0.417912783796464
691	2.56825545955696	1.47708762621281	29.9094397163155	-0.0278972294779405
692	0.434968558267297	5.65699142025828	38.6683465570371	0.787370363190908
693	1.74013340682273	0.300822165023794	50.6763067368236	-0.0730245125659377
694	0.914548803291328	0.923842808879716	79.1809471433348	0.944805682057973
695	4.69910539941944	2.25857678352101	23.2126535232368	-1.20300583188273
696	0.329927884810644	0.488551684475502	31.5589680542473	0.619817772967486
697	1.47070811825712	1.22186186027219	40.6777756800533	-0.0748193843823113
698	0.777407528080109	3.47812348408047	54.0197511095209	0.968627549570774
699	3.30342829212094	0.688346504559627	99.5809788751149	-0.365174547025121
700	0.541516452989923	1.63004124418994	13.78486152766	0.202692897507517
701	2.08833927053185	9.98001527358796	25.2947221268833	0.16293260124508
702	1.07077239679295	0.181217581187819	33.5826956874584	-0.190997370741362
703	10.9646063124456	0.787260176123491	43.2873833212837	-2.88704107897896
704	0.117643423555492	1.87091857857925	58.8749204613277	1.1295506347808
705	1.13557369558488	0.384793126981004	17.282501165258	0.546878263664057
706	0.58289526123589	1.0464798587526	26.9611299494497	-0.463453335162384
707	2.2486041433486	2.6803998428229	35.3274358108242	0.205727297129203
708	0.369567352207276	0.574323977268169	45.6762754113259	0.7603849362336
709	1.5645768408651	1.38541088151801	64.0334703938615	-0.14769308574052
710	0.826941981470026	4.62603140413814	19.7031982952538	-0.286493710751655
711	3.70496035599192	0.256494962917464	28.6006672205773	-0.576176839497138
712	0.261102324865211	0.86723563929856	37.1458603892384	0.472406643320441
713	1.32966501116697	2.08905426335365	48.3212315792996	0.459818936336432
714	0.699136404364616	0.446812030085126	71.0029292594997	1.03545233724892
715	2.80290792947425	1.1483246064493	21.7341119875399	-0.474451930676064
716	0.474443083348632	3.10745767744035	30.2376315371874	0.729762990616223
717	1.85943469533682	0.6416293201577	39.0600243760657	0.381463621962342
718	0.970583612728769	1.52585211055747	51.3055363899038	0.275025110872007
719	5.70909494426356	6.45443617458233	81.8995004582801	-0.861706408257034
720	0.199623735756554	0.322192787677312	23.5688524224634	-0.0627717010308579
721	1.22837046211831	0.953254711370759	31.8921775718138	-0.12054598439595
722	0.639809288133204	2.35236615800579	41.0962441639828	0.558077403407541
723	2.49801750608096	0.509658759784163	54.7551363794207	-0.309205986863129
724	0.42188131937233	1.260551273953	108.383425108846	1.1484093439364
725	1.70286631756808	3.7015051742342	14.6665301210645	0.00163799115557117
726	0.896477413653935	0.712345047641814	25.6315494765813	0.318016103970396
727	4.45186217595046	1.68584658459712	33.9267089317833	-0.789182358690465
728	0.316527212481157	21.9862522163618	43.7477432016218	1.21489071543138
729	1.44105619639726	0.0399438289671482	59.8071238706934	0.325937054721365
730	0.761346656555984	0.715939292362739	17.8155903668927	0.259027840913199
731	3.18927766287042	1.69434354536405	27.2903241702495	-1.23937913490209
732	0.527933381789003	0.325328621074194	35.6845668929207	-0.14199426429642
733	2.03908307577158	0.957678815762331	46.1825556395436	0.29580560981946
734	1.04999320723834	2.36684103046044	65.2451167044012	0.510992215887376
735	8.84514656817566	0.512802251460194	20.1317231695286	-2.45358233835989
736	0.163529206850419	1.26639966151567	28.9275797146521	0.60322822664763
737	1.18099629979259	3.73731839152695	37.5202654004584	0.618665064059602
738	0.611079367148645	0.185402883511833	48.887682310836	0.156062010491225
739	2.36751983999237	0.791083307381681	72.7499522851499	-0.118826889223681
740	0.39574459232236	1.88083535762679	22.1131171783908	0.709233426540622
741	1.63168045030355	0.387855196556106	30.5665319837344	-0.645236412858669
742	0.861179824335145	1.05129402514549	39.4565639305308	0.0453356205741319
743	4.03907376390123	2.69878922866698	51.9531422120238	-0.348301086807072
744	0.289265483291786	0.577579337038324	85.057408338826	0.521141413735117
745	1.38398332737711	1.3919526686764	23.9208038781017	0.497408547899874
746	0.72985076316285	4.6864831129355	32.2268263183091	0.342510928177217
747	2.98364342739886	0.259878742507369	41.5208783425661	-0.0711064880758938
748	0.501036105216011	0.871332914699993	55.5168548575334	0.947007400451265
749	1.94600698581499	2.10087372861377	124.129678946905	0.973251745929014
750	1.00957487228322	0.449886916520654	8.70528661208953	-0.10742740708328
751	6.80692629402633	1.1536067294382	24.3381846530265	-2.16981000828576
752	0.231521932903491	3.1320835684533	32.6305070449392	0.913509895758822
753	1.27786417827559	0.645035097590632	42.0390051535342	0.206231606012502
754	0.669142328584076	1.53325607961812	56.468757941453	0.338332943362193
755	2.64223234549875	6.60049115566828	15.5649911986486	-0.192590290412532
756	0.448084212829979	0.118028674298263	26.0330793075554	-0.309192090351678
757	1.77860224996582	0.740475457116563	34.3425930237393	0.0983120586109291
758	0.932916113996256	1.75334658682515	44.3111226464806	0.13128955690019
759	4.98299873364821	0.346341252515842	60.9850049677328	-0.518578632112585
760	0.34321802733807	0.988011721509649	18.4175098558644	0.0659972543486073
761	1.50115212362068	2.46883898269053	27.6842676365539	0.354300351344992
762	0.793687991157731	0.534145482716121	36.1172369935698	0.0504917677185124
763	3.42651062846247	1.30670238035767	46.8043048469646	-0.661571891321182
764	0.5551994737777	4.00107072080964	66.8036472193206	0.683939585398908
765	2.1395788609619	0.21201523553724	20.6293900039452	-0.689907244693489
766	1.09195151513109	0.817220040708266	29.3199931229198	0.545655397209853
767	17.3026393466578	1.94995263012634	37.9748613048802	-4.8840434837509
768	0.0699315275408389	0.408506930597733	49.5863346439749	0.58593772545528
769	1.10810780811522	1.08435227243599	75.0752244675707	0.505200467441191
770	0.565531853991124	2.8295092172262	22.5591143020982	0.534930800247604
771	2.17939687832716	0.599728748348741	30.9623579552852	-0.705170888380687
772	0.353128920701159	1.4371301015488	39.9391628328357	1.04637664938182
773	1.52452854708688	5.15259382392388	52.7563447417783	0.792593544179924
774	0.806047555714448	0.282259115510112	89.6708108496318	0.392057851967299
775	3.52545584328573	0.899383954987145	11.5277582889357	-1.20738315231736
776	0.242825668774377	2.18364119415249	24.6823516831887	0.990489617724724
777	1.29700836103776	0.470707108222735	32.9688285933589	0.127562754673069
778	0.68030949585454	1.18993922098495	42.47829242492	0.780527858846372
779	2.7003852520444	3.30945695025954	57.2964505189615	0.0874823667673521
780	0.457946100789104	0.668248573570243	16.2261317320923	0.12262695330408
781	1.80828494673233	1.58451556411498	26.3657851366327	-0.37907723613949
782	0.946892494969874	7.91334214428385	34.6918981792643	0.108798620779856
783	5.22628670565041	0.155343347605413	44.7902355180984	-1.50216666903914
784	0.177760114879146	0.765512841198262	62.0216229040296	0.82399045715341
785	1.19852428306135	1.81541219844093	18.8934253139888	0.646196647386553
786	0.621786051550711	0.367155852650695	28.011879552412	0.13867620910239
787	2.41499562088112	1.01919929246429	36.4814226092602	0.330569693741057
788	0.405544439019939	2.57907458420354	47.3349873205225	0.561581175510177
789	1.65787317225839	0.555727902647328	68.2030511567293	0.572253443411629
790	0.874287988926258	1.3485169046237	21.032171100898	-0.231585803413039
791	4.18300858516001	4.31179647248616	29.6472944697478	-0.589857987251246
792	0.299573632651684	0.236603040114176	38.3583522688067	0.358395205718968
793	1.40504917301582	0.843957755980874	50.1853645534251	0.456853460943489
794	0.741566769262264	2.02315017434769	77.2491293820448	1.15078845567551
795	3.05752756569413	0.429167869848472	22.9242933375257	-0.412514695552742
796	0.51108336224287	1.1184346884253	31.293339976414	0.506666617644387
797	1.9801028557812	2.97313732304326	40.347246815654	-0.214127875643307
798	1.02455867153225	0.622204587969379	53.4490903385402	0.906239869232598
799	7.39928984738974	1.48418215222736	94.561223532561	-1.26092177069966
800	0.136798185386041	5.75847642086258	12.9367085701989	0.582423189683559
801	1.15238840752362	0.304013479597723	25.0235983095754	0.701882990990676
802	0.593403973765092	0.928151538148907	33.309051000207	0.241636751576709
803	2.29195584469329	2.27205865743263	42.9247746963532	-0.57332229069883
804	0.379396254545919	0.491667097865327	58.1584574862833	0.437722509199589
805	1.58928917541129	1.22750900219108	16.8306138157312	-0.470532168841776
806	0.839661911190614	3.50935517314138	26.6970291994358	-0.423682177895959
807	3.82273609436356	0.691873604818019	35.0438549629512	-0.707511935457086
808	0.27179637468037	1.63814321230168	45.2785962456731	0.486428054159967
809	1.34972725644942	10.5489460037744	63.1143650131951	0.799521638055401
810	0.710566641383829	0.0811645056962768	19.3499636195985	-0.134291176781397
811	2.86810518607514	0.724064241441985	28.3390805078441	-0.251663736383979
812	0.484384115425324	1.71368764128866	36.8490930804161	0.269109893481406
813	1.89118855015447	0.332360744360906	47.877788213066	-0.626777592484425
814	0.985044851952371	0.967697915638527	69.7091880458366	0.400769806809313
815	6.06140344691087	2.39999206990679	21.4255016873152	-1.81730909875899
816	0.211942525358734	0.519891974146161	29.9750286407735	0.557555861354643
817	1.24667260412333	1.27967226621539	38.7463041907934	0.354214000113806
818	0.650735410624796	3.82079452615236	50.8007402553491	-0.0631562865070814
819	2.55035860457652	0.194563589880171	79.6952684168032	-0.30595614065908
820	0.431694522419423	0.79973095245334	23.2842569078486	0.116721769413397
821	1.73070661525581	1.90344602866691	31.625501722499	0.346093378113401
822	0.910003639892767	0.394741401959556	40.7609901113527	0.0304290041830466
823	4.63419849143297	1.06220348152162	54.1648178273776	-0.561960476042733
824	0.326589189555862	2.74105457871183	101.060805414835	0.847031275500092
825	1.46322236276966	0.58492795315143	13.974131824956	-0.489498080862009
826	0.773372050765469	1.40681200239379	25.3622641995349	0.11671783094741
827	3.27409873402821	4.82988858371083	33.6513203879173	-0.634940245947652
828	0.538111611854489	0.267422839731514	43.378813779274	0.33144551163671
829	2.07584463362163	0.880606203757979	59.0580019357165	0.136467451574073
830	1.06554070837013	2.12787450915578	17.391735904335	-0.0282178769656993
831	10.2853178140404	0.456813754961568	27.0270458654324	-3.01179754704746
832	0.11035507938179	1.16558495686186	35.3986216632362	0.300869596123761
833	1.13002539440132	3.1889820351333	45.7767007857144	0.229668053915022
834	0.579407770123407	0.652728967493126	64.2699912049967	-0.0928935199705735
835	2.23446581044605	1.55009113301317	19.7900041900745	-0.907463174191578
836	0.366286140639405	6.96610301072047	28.6660514515661	0.122814354453624
837	1.55645521337853	0.13176873766326	37.2204300139903	-0.184313371085692
838	0.822732930470204	0.74876401228138	48.4334207871959	0.447790685351912
839	3.66746812169107	1.77368105067244	71.3401178815652	-0.881274210811225
840	0.257495820406474	0.353296997405986	21.8104898606313	0.393969985175538
841	1.32305678564707	0.99831009807856	30.3033501245904	-0.0367748930291709
842	0.695348986035108	2.50461263913316	39.1389359281963	0.418130221450645
843	2.78181026421783	0.54131155124875	51.4335480936729	-0.587974383553215
844	0.471136932853531	1.32046738361453	82.4916634125314	1.15116143132149
845	1.84903098509966	4.09873826343731	23.6395670621605	-0.25719600078699
846	0.965804805304454	0.220392208654747	31.9589875824707	0.634005142276856
847	5.60328961279203	0.826064074211452	41.1806682951212	-1.93443098479183
848	0.195399071453349	1.97387777044896	54.9053073855333	0.847784078899352
849	1.22233640005921	0.415390332435408	110.715405131495	1.03194543379738
850	0.636186242894821	1.09559615278501	14.8263180357237	0.160094502960627
851	2.48100397606128	2.87584396502843	25.6986616632132	0.298303567381308
852	0.41861260959615	0.607183028782947	33.9957844824267	-0.16646543844265
853	1.69372953726643	1.45259886874552	43.8407936752654	0.385451775161316
854	0.892004536213142	5.33567690523859	59.9987702018741	0.548435077774252
855	4.39483803393592	0.289569603391493	17.9185461759298	-1.53430275538289
856	0.313156296996353	0.908891456485078	27.3560557921443	0.690008998733533
857	1.43376260257911	2.21245306697122	35.7563602828448	-0.194442340243305
858	0.757364774506526	0.477676433179971	46.2850803143735	0.254644533895414
859	3.16200529566128	1.20232102341104	65.496535658301	-0.550515610690865
860	0.524552334647913	3.37334857113135	20.2158530430647	0.0503795401693298
861	2.02706325053395	0.676076431106203	28.9929663511556	-0.201143229128637
862	1.0448591129354	1.60211870027632	37.5956212222526	-0.465634671125652
863	8.48824445312679	8.55580406474992	49.0026570627204	-1.88916400930605
864	0.158535052809688	0.165892618960747	73.1188331666296	0.904338435060378
865	1.17521499989019	0.773975488981088	22.1880862695758	-0.283133410882489
866	0.607527678416775	1.83683116205459	30.6324102860513	0.232228522836211
867	2.35206040076764	0.374064837017919	39.5364758839946	-0.307955420121489
868	0.392477071091097	1.02979404148598	52.0849794187121	0.191809370044871
869	1.62307809143766	2.61785747528852	85.7549644523794	0.795430727916405
870	0.856843744803928	0.562980379242757	23.9907258583792	-0.0256046166867678
871	3.99359285482982	1.36280964762988	32.2939414251489	-0.590933872951704
872	0.285802693965066	4.42850905365051	41.6065713942195	0.67837552525681
873	1.37704804102976	0.24448270471194	55.6725454444579	-0.196177178819223
874	0.725970007153397	0.853010126618926	129.434028477716	1.42879069948205
875	2.95980380605833	2.04853118237484	9.60193671622609	-0.395611830684993
876	0.497696714161217	0.436065532551612	24.4072690213048	0.270450988494281
877	1.93484675501914	1.13003425140174	32.6980262564273	-0.269473101377304
878	1.00462512716609	3.02428050595153	42.1263036777872	0.270124444764079
879	6.63760531928056	0.629773956217946	56.631692429613	-1.57829641205748
880	0.227686535607045	1.5003077521734	15.7026036477267	0.652268917625695
881	1.27155534463649	6.00572534585718	26.0997491738938	-0.401148040391029
882	0.665440745866866	0.311159761121449	34.4122494089325	0.201048527188117
883	2.62336856624225	0.937907345389593	44.4062280989069	-0.612205101920524
884	0.444802033707791	2.30290665369882	61.1881271431754	0.699821536217979
885	1.76886859685982	0.498691017476147	18.5144056745775	-0.222622449383103
886	0.928295940641284	1.24032145325004	27.7498318425589	0.662518638091714
887	4.90806928245427	3.58189734618253	36.1898038510763	-1.08711231419373
888	0.339904360076578	0.699845082981014	46.9095042869403	1.0340019604067
889	1.49346475372299	1.65658000642958	67.0757264136027	-0.0127874733718864
890	0.789596827359887	12.3629453623011	20.7107616982038	0.20747854956889
891	3.39483595968787	0.101941509756593	29.3854263027481	-0.652508176192599
892	0.55176893498646	0.732242583767041	38.0512128252638	0.60295160508853
893	2.12657533462357	1.73335212079433	49.704881897532	0.0876614944197447
894	1.0866183889027	0.339363678808828	75.4911076698415	0.777046189301217
895	14.5753210640738	0.977808279312181	22.6325966205211	-4.51073427876286
896	0.0934376681413961	2.43397883384867	31.0284669413989	0.491815924271499
897	1.11901202181798	0.527006001180786	40.0203396564186	-0.273290469327915
898	0.572455229584073	1.29310527593418	52.8931345597152	0.195607526240526
899	2.20663999374381	3.90857688534902	90.5568951369559	0.314906186190249
900	0.35971462041112	0.203418342642735	11.8585905905004	-0.320962395050007
901	1.54038131704865	0.808442768614586	24.7508233447569	-0.629046716444928
902	0.814360358787631	1.92648036569004	33.0367163499195	0.0410851630577434
903	3.59493092808448	0.401624615791733	42.5670020051609	-0.996043630807321
904	0.250212478375821	1.07322214915451	57.4660096451398	0.230286284468528
905	1.30995651912617	2.78460459239589	16.3510545146727	0.399413755561293
906	0.68780743693784	0.592310739413792	26.4321431781872	0.150309456120906
907	2.74051940383046	1.421869507783	34.7620723904188	-0.0743898859809393
908	0.464535058791695	4.98469299287015	44.8871524446407	0.495153954181655
909	1.82848680110382	0.274879719980468	62.2354811585909	0.436677625165074
910	0.95630844345596	0.889956048894442	18.9861812559117	0.0443798492547023
911	5.40628431698123	2.1554562097677	28.0773467214222	-1.51491171436164
912	0.186740953481954	0.463753343148428	36.5546721884708	0.212270734657055
913	1.21036618599523	1.17769483975213	47.442555996739	0.275620226344516
914	0.628967973053004	3.24805650601046	68.4952209614072	0.422815893149526
915	2.44759936079533	0.660466440170041	21.1115552454393	-0.630784647898808
916	0.412077587427916	1.5671753775193	29.7128016844194	0.281561089365262
917	1.67566508597253	7.39598094634299	38.4355789042425	0.0719457189316648
918	0.883111592606279	0.144056608687154	50.3070986763022	-0.0934375719222867
919	4.28583699533479	0.757109413883512	77.7144873518741	-1.00374948142513
920	0.306385920043533	1.79436595499275	22.9966843541377	-0.042045614914011
921	1.41931477441818	0.360234184241207	31.3596733160185	0.175975387564684
922	0.749440119231604	1.0087053075013	40.429534109843	0.522976139380305
923	3.10887178760815	2.54134260212688	53.5903430514665	0.260185323312608
924	0.517807052906507	0.548505323579852	95.7027210727233	-0.0650637007529382
925	2.0033629790393	1.33440420911274	13.1649157886423	-0.318380554447403
926	1.03466215429754	4.2021096371521	25.091527583588	0.385727926855143
927	7.88844937056116	0.228579805281499	33.3773364177386	-2.67383637839324
928	0.148069267342706	0.834976196141664	43.014966011986	1.38543257249468
929	1.16374258512653	1.99827146600646	58.3352526135971	0.200500289707979
930	0.600449439761622	0.422276711205869	16.9459699969989	-0.104612606186501
931	2.32166837024474	1.10695615078738	26.7631234774254	-0.780767885687272
932	0.38593929318366	2.9236905028292	35.1145783819118	0.34690915260304
933	1.60606115073212	0.614674627020857	45.3774211798806	0.276522745441561
934	0.848220631596378	1.46828107050932	63.3402226463411	0.762030340891853
935	3.90604758702659	5.53654109612777	19.4392106011602	-1.34723510331758
936	0.278832314092528	0.296818793546206	28.4044874362226	0.240239028509125
937	1.3633045254982	0.918480118536184	36.9230612330854	-0.421981163724757
938	0.718244633630248	2.24191676512228	47.9878643753791	0.281492591912712
939	2.91324245531991	0.484662660906194	70.024735943809	-0.328985966051484
940	0.491031688990297	1.21484325300996	21.5031342424261	0.194276337862479
941	1.91282419596967	3.4399138867866	30.0406410677189	0.0263764240348898
942	0.994791659246818	0.683951082534089	38.8244489866461	0.316332452871331
943	6.33153771518488	1.61999206294389	50.9258707241611	-0.795023865522577
944	0.219900565760983	9.3898509813853	80.223481936756	1.09526687089979
945	1.25904420500358	0.175873756680819	23.3556743468733	0.0335476523716123
946	0.658068105933262	0.782498568300933	31.6920883569628	0.404006859141163
947	2.58638578323633	1.85863473754032	40.8444418919746	-0.649365349236465
948	0.438244374265598	0.380963788903631	54.3108743703196	-0.145114225333838
949	1.74963528162547	1.04049159060699	102.658223795286	0.487043843743618
950	0.919112459691372	2.65774363658106	14.1562715780191	-0.101570060647463
951	4.76628782524317	0.57026383362466	25.4297156107535	-0.863225732301133
952	0.333259694326825	1.37728675095237	33.7200328702043	0.599751085793309
953	1.47824336664427	4.55307814677009	43.470561792251	0.112746251942812
954	0.781456728757124	0.252236303859556	59.2427305926724	0.296095700105702
955	3.33331499825829	0.862134705318027	17.4996061483156	-1.02928647416765
956	0.544927541850315	2.07443266169885	27.0929215501554	0.209420616554869
957	2.10095780332162	0.442971352107584	35.4699263790877	-0.454842921321275
958	1.07602907717735	1.1417573915649	45.8775370355571	0.693678224020602
959	11.8188650257596	3.07722458998711	64.5093436296639	-3.44340729283586
960	0.124411778835723	0.637383777078627	19.876243761755	0.546978424694582
961	1.14115010975633	1.51666371064232	28.731433460115	-0.0495979278349296
962	0.586390383735265	6.28387790619646	37.295153788026	0.274864229488699
963	2.26289659570191	0.318263143634646	48.5461539337004	-0.120909173361736
964	0.372845921992816	0.947749204617884	71.683196282632	0.136947941022588
965	1.57275588315607	2.33449032413916	21.8865724675074	0.182885693593426
966	0.831166399155584	0.505735663213007	30.3690982671934	0.0585295968767603
967	3.7433119947486	1.25328388198977	39.2180437759024	-0.376291230742263
968	0.26468712937379	3.65779138110322	51.5623043566227	0.573593196876733
969	1.33631253827811	0.707866610945089	83.1022950991459	0.106181796356689
970	0.702935074544379	1.67531061689608	23.7101158090653	-0.00165068732823595
971	2.82431748003018	16.0774771416372	32.0258563126679	0.582271376932189
972	0.47775290263339	0.0601488913323221	41.2653413726285	0.124148416022487
973	1.86992793731249	0.718641745862069	55.0565475681647	0.0206030827606338
974	0.975383093236675	1.7007565557923	113.346390124094	1.04955485034509
975	5.82035840925105	0.327676155057305	14.9816643010231	-1.43546343643081
976	0.203786126284317	0.961008485671457	25.7656947228111	0.379821112438882
977	1.23443761721558	2.37780074801276	34.0649538031769	-0.0406985277886083
978	0.643441756315637	0.515162863658357	43.9341780270279	-0.0139875889445542
979	2.51524460062064	1.27080626349153	60.1922330498764	-0.301811552632096
980	0.425151084169558	3.76468824924151	18.0203933078846	0.441787074736254
981	1.71207409251816	0.188493947460168	27.4217555242818	-0.232234434794586
982	0.900968112867264	0.793958804106939	35.828279181568	-0.00740966490064299
983	4.51069345405821	1.88832602728386	46.3880386522369	-1.47029376956892
984	0.319889330627202	0.390151064647423	65.7511707247065	0.651671088170526
985	1.44839697801303	1.05491851227857	20.299491465082	0.244618224161226
986	0.76534174438819	2.71273904322406	29.0583574791962	0.322485819833553
987	3.21704015281634	0.58002514421886	37.6711389753361	-0.315080626633398
988	0.5313201963161	1.39688405763684	49.118209232396	-0.181089459875044
989	2.05121858774084	4.73311006474129	73.494790007789	0.468188651595764
990	1.05515134955558	0.262403787410272	22.2627929564171	-0.0416963552139468
991	9.25282258150742	0.874415596531757	30.6983240950201	-2.52316454175783
992	0.168388769609605	2.10981077410057	39.6165936811606	0.139512798242757
993	1.18680807125097	0.452194536071895	52.2176135521231	-0.0643950603549227
994	0.614639584465683	1.15758501581449	86.478222196376	0.772502623972676
995	2.38315968733008	3.15081663172744	24.0604999760164	-0.397100316703191
996	0.399011511657769	0.647594941246378	32.3611210019261	-0.241992086545865
997	1.64034651235715	1.53884048272686	41.6925256175983	0.132363252234272
998	0.865532455406046	6.71628331203537	55.8293941175118	0.390122454635302
999	4.08576428724822	0.122811105051829	136.48656776293	0.764218193242453
1000	0.292714409241067	0.743232064750074	10.2331149926994	0.434021990505812
