ID	tt_tram	tt_metro	tt_bus	tc_tram	tc_metro	tc_bus	hw_tram	hw_metro	hw_bus	choice
1	25	15	30	2.5	2	0.8	12	7	11	2
1	15	10	20	2	3	0.8	9	7	14	2
1	25	20	40	1.5	3	0.3	9	7	10	2
1	25	20	30	2	3	0.5	7	11	11	1
1	30	10	30	2	4	0.5	12	7	11	2
1	30	10	30	2	3	0.5	12	7	10	2
1	15	10	30	2	3	0.5	12	7	11	2
1	25	15	30	2	4	0.3	12	7	14	2
1	25	15	30	2.5	4	0.5	12	11	11	2
1	25	15	30	2.5	2	0.5	7	5	10	2
2	15	10	30	2.5	4	0.8	9	7	14	2
2	25	15	30	2	4	0.5	7	5	11	2
2	30	15	40	2	3	0.5	7	5	11	2
2	15	15	30	2.5	3	0.5	7	11	11	1
2	25	10	20	2	3	0.3	7	7	14	2
2	25	15	30	2.5	3	0.5	9	5	11	2
2	25	15	20	2	2	0.8	9	7	11	2
2	25	15	20	2	2	0.5	7	7	14	2
2	25	20	40	2	2	0.5	9	7	11	2
2	30	20	30	2	4	0.5	9	7	14	2
3	25	10	40	2	4	0.3	12	7	14	2
3	25	15	30	1.5	4	0.5	9	5	14	2
3	25	20	30	1.5	3	0.5	7	7	11	2
3	15	15	30	2.5	2	0.8	12	11	11	1
3	25	20	40	2	3	0.3	9	7	14	2
3	25	15	20	2	4	0.5	7	7	11	2
3	25	15	30	2	3	0.5	9	7	14	2
3	15	15	20	2	2	0.5	12	11	14	1
3	25	15	30	1.5	2	0.5	9	11	11	2
3	25	15	40	2	2	0.3	12	7	10	2
4	15	10	30	1.5	3	0.3	9	5	11	2
4	30	10	30	2.5	3	0.3	7	7	10	2
4	15	10	20	1.5	4	0.5	9	7	10	2
4	15	10	40	2	2	0.5	9	7	14	2
4	15	20	20	2	2	0.3	12	7	11	2
4	25	10	30	2.5	3	0.5	9	7	14	2
4	30	20	40	2.5	3	0.8	12	7	11	2
4	30	10	30	2	2	0.5	12	11	10	2
4	25	15	30	2	3	0.3	9	7	11	2
4	15	20	30	2.5	3	0.8	7	11	11	1
5	15	15	40	2	3	0.8	7	7	11	1
5	25	15	30	2.5	2	0.3	9	7	14	2
5	15	15	30	2	3	0.8	7	5	14	2
5	30	10	40	1.5	2	0.8	9	5	11	2
5	25	15	30	1.5	3	0.3	12	11	14	2
5	25	15	40	1.5	4	0.8	9	7	14	2
5	25	15	30	2	3	0.8	9	7	11	2
5	15	15	30	1.5	4	0.8	12	11	10	1
5	25	15	20	2.5	3	0.3	9	11	10	2
5	25	15	30	2	3	0.5	12	5	10	2
6	30	15	30	1.5	2	0.5	9	11	11	2
6	15	10	30	1.5	3	0.5	12	7	10	2
6	25	15	30	2.5	3	0.5	7	5	14	2
6	25	15	30	2.5	2	0.8	12	7	11	2
6	15	10	40	1.5	2	0.8	9	5	11	2
6	25	15	30	2.5	2	0.5	9	7	11	2
6	25	20	30	2.5	4	0.5	12	7	10	2
6	25	15	20	2	3	0.5	9	11	11	2
6	25	10	30	2.5	4	0.8	12	11	11	2
6	15	15	30	1.5	2	0.5	9	5	11	2
7	25	20	30	2	2	0.3	12	7	11	2
7	25	20	30	1.5	4	0.8	9	5	10	2
7	30	20	30	1.5	3	0.5	12	7	10	2
7	25	15	40	1.5	3	0.5	7	11	11	1
7	25	15	40	2	3	0.8	9	5	11	2
7	25	10	30	2.5	3	0.5	7	11	11	2
7	30	15	30	2	3	0.5	12	11	10	2
7	25	20	40	2	3	0.8	7	11	11	1
7	25	15	30	2	2	0.5	9	5	14	2
7	15	15	20	2	3	0.5	9	7	14	2
8	30	15	30	2.5	3	0.5	7	5	11	2
8	25	20	30	2.5	2	0.8	7	5	14	2
8	25	20	30	2.5	3	0.5	9	5	10	2
8	25	20	40	2	4	0.3	9	7	11	2
8	30	10	30	2	4	0.5	12	7	11	2
8	25	15	20	2	3	0.8	12	5	11	2
8	25	15	30	2	2	0.8	7	7	14	2
8	25	15	30	2.5	2	0.8	9	11	14	2
8	30	15	30	1.5	3	0.5	12	7	11	2
8	25	10	40	2	3	0.3	7	7	14	2
9	15	15	40	2	3	0.8	9	7	11	2
9	15	15	30	2.5	2	0.5	9	7	14	2
9	15	10	30	2	3	0.5	7	7	11	2
9	30	10	30	2	4	0.5	7	7	10	2
9	25	10	40	2	4	0.3	12	5	10	2
9	15	15	30	2.5	3	0.5	12	5	14	2
9	25	15	20	2.5	2	0.8	12	7	11	2
9	25	20	20	2	3	0.5	7	5	10	2
9	30	15	30	2	2	0.5	12	7	14	2
9	15	20	30	2	3	0.5	12	7	10	1
10	25	15	30	2.5	3	0.5	12	11	10	2
10	25	15	30	2	4	0.8	7	5	11	2
10	25	15	30	2.5	4	0.8	9	7	10	2
10	30	20	30	2.5	2	0.3	9	7	11	2
10	15	15	30	2	4	0.5	7	11	10	1
10	15	15	30	1.5	2	0.3	9	7	10	1
10	15	15	30	2	3	0.3	9	11	14	1
10	15	15	20	2	3	0.5	12	7	14	2
10	30	20	30	2.5	4	0.5	9	7	10	2
10	15	10	20	2	2	0.5	7	5	10	2
11	30	20	30	1.5	2	0.3	7	5	10	2
11	15	15	40	2	2	0.3	9	5	11	2
11	25	20	30	2.5	4	0.3	12	11	11	2
11	25	15	30	2	4	0.3	9	7	14	2
11	30	15	40	2	2	0.8	7	7	11	2
11	25	15	40	2.5	4	0.3	7	7	14	2
11	25	15	40	1.5	3	0.3	9	7	10	2
11	25	15	20	2	4	0.8	9	11	11	2
11	25	20	20	1.5	2	0.5	9	11	10	3
11	15	20	30	1.5	3	0.5	9	11	11	1
12	15	15	30	1.5	2	0.8	9	7	10	2
12	25	15	30	2	4	0.3	7	7	11	2
12	30	15	40	2	2	0.8	9	11	14	2
12	25	10	30	1.5	4	0.3	12	5	14	2
12	25	15	30	2	3	0.5	9	11	11	2
12	15	15	30	2.5	2	0.3	7	7	11	1
12	15	15	30	2	3	0.8	7	7	11	2
12	30	20	20	2.5	3	0.5	7	5	14	2
12	30	10	30	2.5	3	0.3	12	7	10	2
12	15	15	30	2.5	3	0.5	7	7	11	1
13	25	15	30	1.5	3	0.8	9	5	14	2
13	25	15	30	1.5	3	0.5	12	5	11	2
13	25	20	30	2	3	0.3	7	7	11	2
13	25	20	30	1.5	3	0.3	9	11	11	1
13	25	15	30	2.5	2	0.8	9	11	14	2
13	30	15	30	2	3	0.8	7	7	11	2
13	25	10	30	2	4	0.5	7	7	14	2
13	15	20	30	2	3	0.8	7	11	10	1
13	25	20	40	1.5	2	0.3	7	7	10	2
13	25	15	30	2.5	3	0.8	9	7	10	2
14	30	20	30	2	3	0.3	9	11	10	2
14	15	15	30	2	3	0.8	7	5	11	1
14	15	10	40	2.5	2	0.5	9	11	14	2
14	25	10	20	2	3	0.8	9	7	14	2
14	25	20	30	2	2	0.5	7	7	11	2
14	30	20	20	2	2	0.5	7	7	14	2
14	25	10	20	2	4	0.5	9	7	11	2
14	15	10	40	2	3	0.5	9	7	11	2
14	15	15	40	2.5	4	0.8	12	5	10	2
14	15	20	40	2	2	0.5	9	11	10	1
15	15	20	30	2	2	0.5	9	11	10	1
15	25	10	30	2.5	4	0.5	9	5	14	2
15	25	20	20	2	3	0.5	12	7	11	3
15	25	15	30	1.5	4	0.8	9	5	11	2
15	25	15	30	1.5	3	0.3	7	11	14	2
15	30	10	30	2	3	0.3	9	7	11	2
15	25	20	20	1.5	4	0.5	9	5	14	2
15	25	10	30	1.5	2	0.3	12	7	14	2
15	15	15	40	2	3	0.8	12	7	10	2
15	15	20	20	2	2	0.3	7	7	11	1
16	15	10	20	2	2	0.5	9	5	10	2
16	30	20	40	1.5	2	0.5	9	7	11	2
16	15	15	30	1.5	3	0.5	12	11	14	2
16	30	10	30	2.5	3	0.5	9	5	11	2
16	15	20	30	2	3	0.3	7	11	11	1
16	25	15	40	2	3	0.3	9	11	11	2
16	25	20	30	1.5	2	0.3	7	7	10	2
16	25	15	30	2.5	3	0.8	9	11	11	2
16	30	15	30	1.5	2	0.5	9	11	10	2
16	30	15	30	2.5	3	0.5	12	11	11	2
17	25	15	20	2	4	0.5	9	7	10	2
17	25	15	20	1.5	3	0.8	7	7	10	2
17	25	15	30	2	4	0.5	7	7	10	2
17	30	15	20	2	4	0.8	7	7	11	2
17	30	15	30	2	2	0.3	7	7	14	2
17	25	20	30	1.5	4	0.3	7	11	11	1
17	15	15	40	2.5	4	0.5	7	11	10	1
17	25	10	30	2	3	0.3	9	5	11	2
17	30	20	40	2	4	0.5	9	7	11	2
17	30	15	40	1.5	4	0.5	12	7	14	2
18	30	15	30	1.5	4	0.3	9	7	10	2
18	25	15	20	1.5	4	0.8	9	11	11	2
18	25	15	20	1.5	4	0.3	9	11	11	2
18	30	20	40	1.5	4	0.8	7	5	14	2
18	25	20	40	2	2	0.5	9	11	11	2
18	30	20	20	1.5	4	0.5	12	11	14	2
18	25	15	40	2	3	0.5	7	11	11	2
18	15	10	20	1.5	2	0.8	7	5	10	2
18	15	20	40	1.5	3	0.5	9	5	11	2
18	25	15	30	2.5	4	0.8	9	5	14	2
19	25	15	40	1.5	3	0.8	7	11	11	2
19	30	20	30	2.5	2	0.3	9	5	10	2
19	25	10	30	2.5	4	0.5	9	7	11	2
19	25	15	40	2	2	0.3	9	11	11	2
19	15	15	30	2	3	0.5	12	7	14	2
19	30	15	30	2	3	0.8	12	11	10	2
19	25	15	20	2.5	2	0.3	12	7	10	2
19	30	20	40	2	4	0.5	12	7	11	2
19	30	10	30	1.5	2	0.8	9	5	11	2
19	25	15	20	1.5	2	0.3	9	7	11	2
20	15	10	20	2	2	0.8	9	5	11	2
20	25	20	30	2.5	4	0.3	9	7	14	2
20	25	20	40	1.5	3	0.5	7	11	11	1
20	25	15	20	2.5	4	0.5	9	7	10	2
20	25	20	30	2	3	0.5	9	5	14	2
20	15	15	30	2	4	0.3	9	7	11	1
20	25	15	30	2	4	0.5	12	7	10	2
20	15	20	20	1.5	2	0.5	7	7	10	1
20	25	15	40	1.5	3	0.3	9	11	11	2
20	25	10	30	2.5	3	0.3	7	7	11	2
21	15	15	30	2	3	0.5	7	11	11	1
21	25	10	20	2	2	0.5	7	11	14	2
21	15	15	30	2.5	3	0.5	7	7	11	2
21	25	20	30	2	4	0.5	12	11	11	2
21	25	15	40	1.5	4	0.8	12	11	11	2
21	15	10	30	2	2	0.3	7	5	14	2
21	25	20	40	2.5	3	0.5	12	5	14	2
21	25	15	20	1.5	3	0.8	9	11	11	2
21	25	20	20	2	3	0.3	7	7	11	2
21	30	20	30	2.5	3	0.5	7	5	10	2
22	30	15	40	1.5	4	0.8	9	5	11	2
22	25	20	20	2	4	0.5	9	7	14	2
22	25	15	30	2	4	0.3	9	5	11	2
22	30	10	20	1.5	4	0.5	9	5	11	2
22	30	20	20	2.5	2	0.5	12	7	10	3
22	30	20	20	2	3	0.5	12	11	10	2
22	15	10	20	2.5	2	0.3	7	5	11	2
22	25	15	30	2.5	3	0.5	7	7	10	2
22	25	20	30	2	4	0.5	9	11	11	2
22	30	10	20	2	3	0.8	7	11	14	2
23	25	15	30	2	3	0.5	12	7	11	2
23	30	15	20	1.5	4	0.5	12	5	10	2
23	15	15	40	2.5	4	0.5	7	5	11	2
23	15	15	30	1.5	3	0.8	9	5	11	1
23	15	10	40	2	3	0.8	9	5	10	2
23	25	10	20	2	3	0.5	7	7	14	2
23	15	15	20	2	4	0.3	9	5	14	2
23	15	20	20	2.5	3	0.5	12	5	11	1
23	15	15	40	2	2	0.3	9	7	11	2
23	25	15	40	1.5	3	0.5	9	11	10	2
24	25	20	30	2.5	4	0.3	12	7	11	2
24	15	15	30	2	3	0.3	12	5	11	2
24	30	15	40	2	4	0.3	9	5	11	2
24	30	15	30	2	3	0.5	7	5	14	2
24	30	15	40	2	3	0.5	12	11	11	2
24	15	20	40	2	4	0.3	7	11	10	1
24	30	15	20	1.5	2	0.8	7	11	11	2
24	30	10	30	1.5	4	0.5	9	11	10	2
24	15	15	30	1.5	3	0.3	12	7	10	2
24	25	10	20	1.5	3	0.5	9	7	11	2
25	30	20	30	2	3	0.8	9	7	11	2
25	15	15	20	2.5	3	0.5	9	7	11	2
25	25	15	40	2.5	4	0.3	9	11	11	2
25	15	15	20	1.5	4	0.8	12	11	10	1
25	15	15	30	1.5	3	0.8	7	7	14	2
25	25	15	30	2	2	0.5	12	5	11	2
25	15	15	30	1.5	3	0.5	9	7	14	2
25	15	15	20	2	3	0.3	9	11	10	1
25	15	10	30	2	3	0.3	7	11	11	2
25	15	15	30	1.5	2	0.5	9	11	14	1
26	15	20	30	1.5	2	0.3	9	5	11	2
26	30	20	30	1.5	2	0.3	9	5	14	2
26	25	20	40	2	2	0.3	9	11	14	2
26	25	10	40	2.5	4	0.5	7	5	14	2
26	30	15	40	1.5	3	0.5	7	7	11	2
26	25	20	30	2	4	0.3	12	7	11	2
26	30	15	20	2.5	3	0.8	7	7	11	2
26	25	15	30	2	3	0.5	9	5	14	2
26	30	15	30	1.5	3	0.5	7	11	10	2
26	15	20	20	2	4	0.3	9	7	11	1
27	25	15	30	2.5	3	0.8	12	7	14	2
27	30	20	40	2	4	0.8	7	5	14	2
27	25	10	40	1.5	3	0.5	9	7	11	2
27	25	20	30	2.5	3	0.5	9	7	11	2
27	30	20	20	2	4	0.5	9	7	10	2
27	30	20	20	1.5	3	0.5	9	7	11	2
27	25	15	20	2	3	0.3	7	5	14	2
27	30	10	30	1.5	4	0.8	7	11	14	2
27	25	15	30	2	4	0.5	12	7	10	2
27	25	20	30	2	3	0.5	9	11	11	2
28	30	15	40	2	3	0.8	12	7	11	2
28	30	15	30	2.5	3	0.5	12	7	14	2
28	25	10	30	2.5	2	0.8	9	7	14	2
28	30	15	30	2	3	0.8	9	7	10	2
28	25	20	20	2	4	0.5	9	5	11	2
28	25	15	20	1.5	3	0.5	9	11	10	2
28	15	15	20	2	2	0.5	9	5	14	2
28	15	15	40	2	4	0.3	9	7	10	2
28	30	15	40	2	4	0.3	7	7	11	2
28	25	15	40	2	2	0.5	12	5	14	2
29	25	15	20	2	2	0.5	7	11	11	2
29	30	15	30	2	2	0.5	12	5	14	2
29	30	15	40	1.5	4	0.5	12	7	10	2
29	25	20	20	2.5	2	0.5	12	7	14	2
29	25	15	30	2	2	0.5	12	5	14	2
29	30	20	20	2	3	0.5	9	7	11	2
29	30	20	40	2.5	3	0.5	12	7	11	2
29	25	15	30	2.5	3	0.8	9	7	10	2
29	25	15	30	2	3	0.5	9	7	11	2
29	15	20	30	1.5	3	0.3	9	11	10	1
30	25	20	20	2	2	0.3	9	5	11	2
30	25	15	20	2.5	2	0.5	7	7	11	2
30	25	15	30	2.5	3	0.3	12	5	10	2
30	15	20	40	2	2	0.8	9	7	14	1
30	15	10	30	1.5	3	0.5	12	5	10	2
30	25	10	20	1.5	3	0.5	7	5	10	2
30	25	20	30	2.5	3	0.8	9	11	10	2
30	25	20	30	2	3	0.5	9	5	11	2
30	25	10	30	2.5	4	0.3	12	5	14	2
30	25	10	30	1.5	4	0.5	9	5	14	2
31	15	15	40	2	3	0.5	9	11	10	1
31	25	15	30	1.5	3	0.3	9	7	14	2
31	15	10	20	2.5	2	0.5	7	11	10	2
31	25	20	30	2	3	0.3	7	5	11	2
31	25	15	30	1.5	3	0.8	9	5	14	2
31	15	20	20	2.5	3	0.5	12	11	10	1
31	25	15	40	2	3	0.3	7	7	10	2
31	25	10	40	1.5	3	0.5	7	7	10	2
31	25	10	20	1.5	4	0.3	9	11	10	2
31	25	15	40	2	4	0.8	7	7	11	2
32	25	20	20	2	4	0.5	9	11	14	3
32	25	20	30	2	2	0.5	12	5	10	2
32	25	10	20	2	3	0.8	7	5	10	2
32	25	15	20	2.5	2	0.5	9	7	11	2
32	25	20	30	2	3	0.5	9	5	14	2
32	25	20	40	2.5	3	0.8	9	7	11	2
32	30	15	40	2	4	0.5	9	11	10	2
32	15	15	30	2	3	0.5	9	7	11	2
32	30	10	40	2	4	0.3	12	5	11	2
32	30	20	30	2	3	0.8	9	11	10	1
33	25	15	20	2	3	0.3	9	7	10	2
33	25	10	40	2.5	3	0.3	9	7	14	2
33	25	20	30	1.5	3	0.5	9	5	11	2
33	25	15	30	2	3	0.5	7	11	14	1
33	25	15	40	2	3	0.3	9	11	11	2
33	30	10	30	1.5	3	0.8	12	5	11	2
33	30	15	30	1.5	2	0.5	7	11	10	2
33	25	10	20	1.5	4	0.8	9	7	11	2
33	30	15	30	2	2	0.5	9	5	11	2
33	25	15	30	2	4	0.5	7	11	10	2
34	25	10	40	2.5	3	0.8	7	5	11	2
34	25	15	20	2	4	0.5	7	11	11	2
34	30	20	30	2	3	0.5	12	7	10	2
34	25	10	30	2.5	3	0.3	9	11	14	2
34	15	15	30	2.5	3	0.3	12	11	14	2
34	25	15	20	2	4	0.3	7	7	10	2
34	15	15	30	1.5	3	0.5	9	7	11	2
34	25	20	30	2	2	0.8	9	5	11	2
34	25	15	40	1.5	2	0.5	7	11	11	2
34	25	15	30	2	3	0.5	7	11	10	2
35	25	20	40	2	2	0.5	12	7	14	2
35	30	15	20	2	4	0.8	9	7	11	2
35	30	20	30	2	3	0.8	9	7	10	2
35	30	10	20	2	3	0.5	12	7	11	2
35	25	10	30	2.5	3	0.3	9	5	14	2
35	15	15	30	2.5	4	0.5	7	11	11	1
35	25	10	20	2.5	3	0.5	9	5	11	2
35	25	15	30	2	4	0.3	12	5	14	2
35	30	20	30	2	4	0.8	9	11	11	2
35	25	10	40	2	3	0.5	12	5	11	2
36	25	15	40	2.5	3	0.5	9	5	11	2
36	15	10	20	2.5	3	0.3	7	5	11	2
36	30	20	40	1.5	2	0.3	9	11	11	2
36	15	15	30	2	4	0.3	9	7	11	2
36	30	15	20	1.5	2	0.8	12	11	10	2
36	30	10	30	2	3	0.5	12	7	14	2
36	15	15	30	1.5	3	0.5	12	7	11	2
36	25	20	30	2	3	0.5	9	11	14	2
36	15	10	30	2.5	2	0.5	9	11	14	2
36	15	15	40	1.5	3	0.5	9	11	11	1
37	25	15	30	1.5	3	0.5	9	7	11	2
37	30	10	30	2.5	3	0.5	9	5	11	2
37	25	10	30	1.5	2	0.3	12	5	10	2
37	30	10	40	2	2	0.8	9	7	14	2
37	25	10	20	2	4	0.5	9	7	11	2
37	25	20	30	2.5	4	0.3	12	7	11	2
37	15	20	40	2.5	3	0.8	9	7	11	2
37	15	15	40	1.5	3	0.5	12	7	14	2
37	25	15	20	2.5	2	0.8	9	11	11	2
37	30	15	40	2	2	0.5	7	5	11	2
38	15	15	20	2	3	0.5	12	7	14	2
38	15	15	30	2.5	3	0.3	7	7	14	1
38	15	10	30	2.5	2	0.3	12	5	14	2
38	30	20	30	2	4	0.8	9	7	11	2
38	30	15	30	2	3	0.3	7	5	11	2
38	15	20	30	2	3	0.3	9	5	11	1
38	25	20	40	2	3	0.5	9	11	10	2
38	15	10	30	2.5	3	0.3	12	11	10	2
38	25	15	20	2	4	0.5	7	11	11	2
38	25	15	40	2	3	0.3	9	5	10	2
39	30	20	20	2	4	0.8	12	7	10	2
39	25	10	40	1.5	3	0.8	7	5	10	2
39	25	15	20	2.5	4	0.3	12	7	11	3
39	30	15	30	1.5	4	0.8	12	11	14	2
39	25	15	40	1.5	4	0.3	9	5	10	2
39	25	20	30	2.5	4	0.5	9	11	10	2
39	15	15	30	1.5	4	0.8	12	5	14	2
39	30	15	40	2.5	4	0.5	9	7	10	2
39	15	20	40	2	3	0.3	9	7	11	1
39	30	15	30	1.5	4	0.5	9	7	11	2
40	30	15	20	1.5	3	0.5	7	11	14	2
40	25	15	30	2.5	4	0.5	9	7	14	2
40	30	15	30	2.5	4	0.5	9	5	10	2
40	30	15	30	1.5	2	0.5	9	7	14	2
40	30	10	30	1.5	3	0.8	9	5	11	2
40	30	10	40	1.5	4	0.3	9	5	10	2
40	25	15	30	2	2	0.5	9	7	11	2
40	15	15	30	2	2	0.5	9	5	11	2
40	15	10	20	1.5	4	0.5	9	11	14	2
40	30	10	30	2.5	2	0.8	9	5	11	2
41	30	15	30	2	3	0.8	12	5	11	2
41	15	20	20	1.5	4	0.8	9	7	10	1
41	25	15	30	2.5	3	0.3	9	11	14	2
41	30	15	20	2.5	4	0.5	9	7	14	2
41	25	15	30	1.5	3	0.3	12	7	14	2
41	25	20	30	2.5	2	0.5	12	7	11	2
41	30	15	30	2.5	2	0.8	7	7	11	2
41	15	10	20	2.5	3	0.5	9	11	14	1
41	30	20	30	2.5	3	0.5	9	5	14	2
41	30	10	40	2.5	2	0.8	12	11	14	2
42	30	20	30	2	3	0.5	7	7	11	2
42	30	15	30	2.5	4	0.8	9	11	10	2
42	15	20	20	2	2	0.5	9	5	11	2
42	15	15	30	2	4	0.5	12	11	11	2
42	15	20	30	1.5	4	0.5	12	11	11	2
42	30	15	20	2	3	0.5	9	7	10	2
42	15	20	30	1.5	3	0.5	9	7	10	1
42	25	10	30	2	4	0.8	9	7	14	2
42	25	20	40	2.5	2	0.3	9	5	11	2
42	25	15	20	2.5	2	0.8	12	7	10	2
43	15	10	30	2	3	0.5	7	5	11	2
43	30	15	30	2	2	0.8	9	5	14	2
43	30	20	30	2	3	0.5	12	5	11	2
43	30	15	20	1.5	3	0.3	7	11	11	2
43	15	10	30	2.5	3	0.3	9	7	10	2
43	15	10	30	2	4	0.3	12	5	11	2
43	25	15	20	2	3	0.8	12	7	11	2
43	25	15	30	2.5	2	0.5	9	7	11	2
43	15	20	30	2	2	0.3	7	7	14	1
43	25	15	40	2.5	2	0.3	9	5	14	2
44	25	15	40	2	4	0.3	12	5	14	2
44	15	15	30	2	2	0.5	9	7	14	1
44	15	10	30	2	2	0.3	9	7	11	2
44	15	15	20	2	4	0.5	9	5	14	2
44	25	15	20	2	3	0.5	12	7	14	2
44	15	20	40	2.5	3	0.5	9	7	11	1
44	15	15	40	2	2	0.3	12	11	10	2
44	15	20	30	2	4	0.8	9	7	10	1
44	25	15	30	1.5	3	0.8	9	11	10	2
44	25	20	20	1.5	2	0.5	12	7	14	2
45	15	10	20	2	2	0.8	7	5	10	2
45	25	20	20	2	3	0.8	7	7	14	2
45	30	10	30	2	4	0.8	9	7	11	2
45	25	20	30	2	3	0.8	9	5	11	2
45	30	10	30	2	2	0.5	7	7	14	2
45	25	15	30	2	3	0.8	7	7	11	2
45	15	15	20	1.5	3	0.3	9	5	10	2
45	25	15	30	2	4	0.8	12	11	14	2
45	25	20	20	1.5	3	0.5	12	7	10	2
45	25	10	30	1.5	4	0.5	12	11	14	2
46	25	10	30	1.5	2	0.8	7	5	14	2
46	15	10	40	2	4	0.5	7	7	10	2
46	30	10	40	2.5	4	0.3	7	7	11	2
46	25	20	30	2	3	0.5	9	7	14	2
46	15	15	20	1.5	4	0.8	9	7	14	2
46	30	20	30	2.5	3	0.8	12	5	10	2
46	25	20	30	2	2	0.5	9	5	10	2
46	25	10	30	2	2	0.5	7	11	11	2
46	25	15	30	1.5	3	0.5	7	7	11	2
46	15	10	30	2	3	0.5	12	11	11	2
47	30	15	30	2.5	3	0.8	9	7	11	2
47	25	20	30	2	3	0.8	12	7	14	2
47	30	15	30	2	2	0.5	9	7	10	2
47	25	15	30	1.5	2	0.5	7	7	11	2
47	25	15	30	2.5	2	0.5	9	11	10	2
47	15	15	30	2	2	0.5	12	11	10	2
47	15	15	30	2.5	2	0.8	7	5	11	2
47	25	20	20	2.5	3	0.5	12	7	14	2
47	30	15	30	2.5	2	0.5	7	5	11	2
47	15	20	40	2.5	2	0.5	7	5	14	1
48	25	15	40	1.5	3	0.5	7	7	11	2
48	30	10	20	2	4	0.8	9	7	14	2
48	30	15	30	2	3	0.5	9	7	10	2
48	25	20	30	2	3	0.3	9	5	10	2
48	25	10	40	2	3	0.3	7	11	11	2
48	25	10	30	1.5	2	0.5	9	5	14	2
48	30	20	30	1.5	3	0.8	7	11	14	2
48	15	15	30	1.5	3	0.5	9	7	10	2
48	30	15	30	2	4	0.8	12	7	11	2
48	25	15	20	1.5	2	0.5	9	5	14	2
49	25	20	30	2	3	0.3	12	7	11	2
49	30	10	40	2.5	3	0.5	7	11	11	2
49	25	20	40	2.5	3	0.3	9	7	14	2
49	25	10	40	2	3	0.3	7	11	11	2
49	25	15	30	2	3	0.5	12	11	10	2
49	15	10	40	2	4	0.8	7	5	10	2
49	25	15	20	2	3	0.5	12	7	14	2
49	15	15	40	1.5	3	0.5	9	11	14	1
49	30	20	30	2	3	0.5	12	7	14	2
49	25	20	40	1.5	3	0.3	12	7	11	2
50	30	20	30	2.5	3	0.5	7	7	11	2
50	15	10	20	2	2	0.5	9	7	11	2
50	30	15	20	2.5	2	0.5	7	5	11	2
50	25	20	30	2.5	2	0.5	12	5	14	2
50	30	15	30	2	3	0.8	9	7	14	2
50	25	15	20	2	3	0.8	9	7	10	2
50	15	15	30	1.5	4	0.5	9	7	11	2
50	25	15	30	1.5	2	0.5	9	7	11	2
50	30	10	40	2	3	0.3	9	7	14	2
50	25	20	20	2	3	0.5	12	7	11	2
51	30	10	20	2	3	0.5	9	7	10	2
51	15	15	40	2	4	0.5	7	11	10	1
51	30	10	40	2.5	2	0.5	12	5	14	2
51	25	15	40	2.5	3	0.5	9	7	14	2
51	25	20	40	2	2	0.8	9	5	10	2
51	15	10	30	2	2	0.5	9	5	11	2
51	25	10	30	2	3	0.8	9	7	14	2
51	25	15	40	2	4	0.5	12	5	11	2
51	25	15	40	2.5	4	0.3	9	7	11	2
51	25	10	30	1.5	3	0.8	12	7	14	2
52	25	10	30	2	2	0.5	9	7	11	2
52	25	15	40	2	3	0.5	9	5	11	2
52	25	10	40	2	3	0.5	9	7	11	2
52	15	20	20	2.5	2	0.8	12	7	14	1
52	25	20	30	2	3	0.5	7	5	14	2
52	25	10	40	2.5	3	0.3	9	5	11	2
52	15	15	20	2.5	3	0.5	7	5	11	2
52	25	20	30	2.5	4	0.3	7	7	11	2
52	25	15	40	1.5	3	0.3	9	5	10	2
52	25	15	20	2.5	3	0.3	9	5	14	2
53	30	20	40	1.5	3	0.8	9	5	11	2
53	30	20	30	2	3	0.5	7	11	14	2
53	30	20	40	1.5	4	0.8	9	11	11	2
53	15	15	20	2	3	0.5	9	7	11	2
53	15	20	30	2	2	0.5	9	7	14	1
53	30	15	40	1.5	3	0.5	7	5	11	2
53	25	20	30	2	4	0.8	9	7	10	2
53	15	20	40	2	3	0.5	9	7	11	1
53	25	15	20	2	4	0.5	9	7	11	2
53	30	10	40	1.5	3	0.5	9	5	11	2
54	25	15	40	2	4	0.8	7	11	11	2
54	30	15	30	2.5	2	0.5	9	5	10	2
54	25	15	40	1.5	4	0.8	12	7	10	2
54	25	15	40	2	3	0.8	7	7	11	2
54	30	20	30	1.5	3	0.3	12	11	11	2
54	25	20	40	2	4	0.5	9	5	11	2
54	15	10	30	2	3	0.5	12	7	14	2
54	25	15	40	2.5	3	0.3	7	7	11	2
54	25	20	20	2	4	0.8	7	7	10	3
54	30	10	30	1.5	3	0.5	9	11	10	2
55	25	15	20	2	3	0.8	9	5	11	2
55	15	15	20	2	4	0.5	9	11	14	1
55	30	20	20	2.5	3	0.8	9	7	14	2
55	30	20	20	2.5	3	0.5	12	11	14	2
55	30	10	20	2	2	0.8	12	7	11	2
55	25	20	30	2	3	0.3	9	7	10	2
55	15	15	30	1.5	2	0.3	12	11	11	2
55	30	20	30	2	4	0.8	9	7	10	2
55	15	20	30	1.5	4	0.3	7	7	11	1
55	25	10	30	1.5	3	0.8	12	7	10	2
56	25	15	30	2.5	2	0.5	9	5	14	2
56	30	20	30	2	3	0.8	7	11	11	1
56	30	20	40	2	4	0.8	9	7	10	2
56	30	20	30	2	4	0.3	9	7	11	2
56	15	15	40	2	3	0.8	7	5	11	2
56	25	10	30	1.5	3	0.3	9	5	14	2
56	25	15	40	2	3	0.8	12	7	10	2
56	15	10	30	1.5	3	0.3	12	7	10	2
56	25	15	20	2.5	3	0.5	12	11	14	2
56	25	10	40	2	2	0.3	12	7	11	2
57	25	15	30	1.5	2	0.5	9	11	11	2
57	25	10	30	1.5	3	0.8	9	7	11	2
57	25	10	30	2.5	2	0.3	9	5	11	2
57	25	20	30	2	3	0.3	12	5	10	2
57	15	20	30	2.5	3	0.5	12	7	11	2
57	15	15	40	2	3	0.3	9	7	11	2
57	30	15	20	2	3	0.5	9	11	11	3
57	25	20	30	2	2	0.3	9	7	11	2
57	25	15	30	2	2	0.5	9	7	11	2
57	15	15	40	2	4	0.3	12	5	11	2
58	25	15	20	2	4	0.5	9	11	11	3
58	15	15	40	2	3	0.5	9	7	11	2
58	25	10	30	2	2	0.8	7	11	11	2
58	30	15	40	2.5	3	0.5	9	11	11	2
58	25	15	20	2.5	3	0.8	12	7	11	2
58	15	15	40	2	4	0.5	12	5	10	2
58	30	15	30	2.5	2	0.5	7	11	11	2
58	15	20	20	2.5	3	0.5	9	11	14	1
58	30	15	30	2.5	3	0.3	12	5	10	2
58	15	15	30	2	2	0.3	7	5	11	2
59	25	20	30	2	4	0.8	12	7	10	2
59	30	15	30	2.5	4	0.3	9	7	14	2
59	30	20	30	2	4	0.3	12	7	11	2
59	25	15	20	2.5	3	0.5	12	7	10	2
59	25	10	20	2	3	0.3	9	5	14	2
59	25	15	40	1.5	4	0.3	9	11	11	2
59	25	15	30	1.5	3	0.5	9	7	14	2
59	25	20	30	1.5	3	0.5	7	7	11	2
59	30	15	30	2.5	4	0.8	12	7	14	2
59	25	15	30	2	3	0.8	7	7	10	2
60	25	15	40	1.5	4	0.5	9	7	10	2
60	30	15	40	2.5	3	0.5	9	5	10	2
60	25	15	30	2	3	0.5	9	7	10	2
60	25	15	30	2	3	0.5	7	7	11	2
60	25	15	30	2	4	0.5	9	11	11	2
60	25	20	20	1.5	3	0.5	12	5	11	2
60	25	20	30	2	3	0.5	9	7	14	2
60	30	20	40	1.5	3	0.5	9	11	11	2
60	15	15	30	2	4	0.8	9	11	11	1
60	25	10	30	2.5	3	0.8	7	5	10	2
61	25	15	40	2	3	0.8	9	7	10	2
61	30	15	30	2.5	2	0.5	9	7	11	2
61	15	15	30	2	2	0.5	12	7	14	2
61	30	20	30	2	2	0.5	9	11	11	2
61	15	10	40	2	3	0.8	12	5	14	2
61	15	15	40	2	3	0.3	12	7	10	2
61	30	15	40	2	2	0.5	9	11	11	2
61	25	20	40	2	3	0.5	12	5	14	2
61	25	15	20	2.5	3	0.5	9	7	11	2
61	25	10	40	2.5	3	0.5	9	7	11	2
62	25	15	40	1.5	4	0.8	9	11	10	2
62	30	15	40	2	3	0.5	7	11	11	2
62	25	15	20	1.5	3	0.5	7	7	14	2
62	30	15	30	2.5	3	0.5	12	5	11	2
62	15	15	40	2	3	0.8	7	11	11	1
62	25	15	30	1.5	4	0.3	9	7	14	2
62	25	20	30	1.5	3	0.3	9	7	11	2
62	30	20	30	2.5	3	0.3	9	7	14	2
62	25	20	40	2	4	0.5	9	11	11	2
62	30	20	30	2.5	3	0.8	12	5	14	2
63	15	15	30	2	4	0.3	9	7	11	2
63	25	15	30	2	4	0.8	9	11	11	2
63	15	15	20	1.5	3	0.8	12	5	10	2
63	25	20	40	1.5	2	0.5	12	7	10	2
63	15	15	40	2	4	0.3	12	7	14	2
63	25	15	30	2	3	0.5	12	5	11	2
63	15	20	30	2	4	0.5	9	7	11	1
63	25	20	20	2	2	0.5	12	7	14	2
63	25	20	40	2.5	3	0.3	7	11	11	2
63	25	20	20	2	3	0.8	7	7	10	2
64	25	10	30	2	2	0.3	7	7	11	2
64	25	10	20	1.5	4	0.5	9	7	11	2
64	30	15	30	2	3	0.5	9	7	11	2
64	25	15	40	2	3	0.8	7	11	14	2
64	30	15	30	1.5	2	0.5	7	5	11	2
64	25	10	40	2	3	0.5	9	7	11	2
64	30	10	40	2	4	0.5	9	7	11	2
64	30	15	30	1.5	3	0.8	9	11	11	2
64	30	15	30	2.5	3	0.5	9	7	10	2
64	25	15	30	2	3	0.5	9	7	14	2
65	30	10	40	2	4	0.8	9	7	10	2
65	25	10	30	2	4	0.3	9	7	11	2
65	15	15	20	2.5	4	0.5	9	11	14	1
65	25	15	30	2	2	0.5	12	5	14	2
65	25	20	30	2.5	4	0.5	9	7	11	2
65	25	10	20	2	2	0.3	7	7	10	2
65	25	15	40	1.5	4	0.3	12	7	10	2
65	30	20	30	2	3	0.8	9	7	11	2
65	15	20	40	1.5	3	0.8	12	5	11	2
65	15	10	30	2.5	4	0.5	9	11	10	2
66	25	15	30	2	3	0.5	9	7	10	2
66	25	15	40	2	2	0.8	9	11	11	2
66	25	10	40	2	3	0.5	9	7	14	2
66	15	10	30	1.5	3	0.5	7	11	11	1
66	25	15	40	2	3	0.3	9	5	10	2
66	25	10	20	2.5	4	0.5	9	7	10	2
66	15	10	40	1.5	3	0.8	9	7	11	2
66	25	15	40	2	3	0.8	9	7	14	2
66	25	10	40	2	3	0.5	7	7	10	2
66	30	15	20	2	4	0.5	9	7	10	2
67	30	15	30	2	3	0.5	12	7	11	2
67	30	15	30	2.5	3	0.5	7	5	14	2
67	25	10	40	2	3	0.3	12	5	11	2
67	30	15	40	1.5	4	0.8	12	7	11	2
67	25	15	30	2	4	0.8	7	7	10	2
67	25	15	30	2.5	2	0.5	12	7	14	2
67	30	10	20	1.5	2	0.5	12	7	11	2
67	15	20	20	1.5	2	0.3	9	11	11	1
67	30	15	30	2.5	4	0.8	12	7	11	2
67	15	15	30	1.5	2	0.8	9	7	14	2
68	25	15	20	2	2	0.5	9	11	10	3
68	15	15	30	2.5	3	0.8	9	5	11	2
68	25	15	20	2	2	0.5	7	11	10	2
68	30	10	20	2.5	3	0.3	7	7	11	2
68	25	20	30	2	3	0.5	9	7	11	2
68	30	20	30	2.5	2	0.5	9	7	11	2
68	30	20	20	2	3	0.5	9	7	14	2
68	15	15	40	2.5	3	0.3	9	5	11	2
68	30	10	30	1.5	3	0.5	7	7	11	2
68	30	15	30	1.5	3	0.5	7	7	10	2
69	25	10	20	2.5	4	0.5	7	11	11	2
69	25	20	20	2	3	0.8	12	11	11	3
69	30	20	40	2	2	0.8	12	7	11	2
69	15	15	20	2	3	0.5	9	11	11	1
69	30	20	20	1.5	3	0.3	9	7	10	2
69	25	15	40	2	3	0.8	7	5	10	2
69	30	15	40	2	3	0.5	7	7	11	2
69	25	20	30	2.5	4	0.5	12	5	11	2
69	25	15	30	1.5	2	0.3	9	7	11	2
69	25	15	20	2.5	2	0.5	9	7	11	2
70	30	20	30	2	2	0.3	7	7	14	2
70	15	20	20	2.5	3	0.5	12	11	10	1
70	25	20	40	1.5	2	0.8	12	11	11	2
70	30	20	40	2	2	0.5	7	7	10	2
70	25	15	30	2	3	0.8	7	7	14	2
70	30	15	30	2	3	0.8	12	11	11	2
70	30	15	30	2	3	0.5	12	5	10	2
70	25	10	30	2	3	0.5	9	11	14	2
70	30	20	20	2	2	0.5	12	7	11	2
70	25	20	20	2	3	0.8	9	5	14	2
71	15	20	30	2.5	3	0.8	7	11	10	1
71	25	15	20	1.5	4	0.5	9	11	11	2
71	15	10	40	2	3	0.5	9	7	10	2
71	25	10	30	2	3	0.8	12	11	11	2
71	25	10	40	2.5	3	0.5	9	11	14	2
71	25	10	30	2	3	0.3	9	7	10	2
71	15	15	30	2	4	0.3	9	5	11	2
71	25	15	40	2.5	3	0.8	9	11	11	2
71	30	10	20	2	3	0.5	12	5	11	2
71	25	20	20	2	3	0.8	9	5	11	2
72	25	15	40	2.5	3	0.8	12	11	11	2
72	30	15	40	2.5	2	0.5	12	11	10	2
72	30	15	30	2	2	0.5	12	7	14	2
72	25	20	30	1.5	3	0.5	9	11	11	2
72	25	20	30	1.5	2	0.5	12	7	10	2
72	30	10	30	2.5	3	0.8	9	7	10	2
72	25	10	40	2.5	4	0.8	9	5	11	2
72	25	15	20	2	3	0.5	9	5	14	2
72	15	15	30	2.5	3	0.5	9	7	11	2
72	25	15	40	2	3	0.8	7	11	11	1
73	25	20	20	2	4	0.8	7	7	14	2
73	25	10	30	2	3	0.8	9	11	11	2
73	25	10	30	2	4	0.5	7	11	11	2
73	15	20	20	2	4	0.5	7	7	11	1
73	25	10	40	2.5	3	0.5	9	7	11	2
73	25	10	20	1.5	2	0.3	12	11	10	2
73	25	15	20	2	3	0.5	7	7	10	2
73	25	20	30	2	2	0.8	12	7	11	2
73	15	15	30	2.5	2	0.3	7	11	11	1
73	25	20	30	2	2	0.3	7	11	11	1
74	30	15	40	2	3	0.5	12	7	11	2
74	25	15	20	1.5	2	0.3	9	11	11	2
74	30	10	40	2	4	0.5	9	7	11	2
74	30	20	40	2	2	0.3	9	7	11	2
74	25	15	20	2	2	0.3	9	7	14	2
74	25	20	40	1.5	2	0.5	12	11	10	2
74	30	20	40	2.5	3	0.3	12	5	14	2
74	15	15	30	1.5	3	0.5	9	5	10	2
74	30	15	30	1.5	2	0.5	7	7	11	2
74	25	20	40	2	3	0.3	9	5	14	2
75	30	15	40	1.5	3	0.5	9	11	11	2
75	25	20	30	2	3	0.5	7	7	14	2
75	25	10	40	1.5	2	0.8	12	7	11	2
75	25	15	40	2	3	0.5	7	5	11	2
75	15	20	30	2	3	0.5	7	7	11	1
75	25	10	40	2	3	0.5	9	5	11	2
75	25	10	40	2	2	0.3	9	7	14	2
75	15	15	20	2.5	4	0.3	12	7	11	2
75	15	20	40	2	4	0.8	9	7	14	1
75	30	20	30	1.5	3	0.5	9	11	10	2
76	15	15	30	1.5	3	0.5	9	7	10	2
76	15	15	30	2	3	0.5	12	7	11	2
76	25	15	30	2	3	0.5	12	7	14	2
76	25	15	30	2	2	0.5	9	11	10	2
76	25	15	40	2.5	4	0.5	7	5	10	2
76	25	10	20	2.5	3	0.3	9	7	11	2
76	25	15	40	2	3	0.5	9	7	10	2
76	30	15	40	2	3	0.3	9	11	14	2
76	25	20	30	1.5	3	0.5	7	11	14	2
76	25	15	20	2.5	4	0.8	9	5	14	2
77	15	15	30	1.5	3	0.5	12	11	11	2
77	15	15	20	1.5	3	0.5	9	7	11	2
77	25	15	20	1.5	3	0.8	9	7	14	2
77	25	15	40	2	3	0.8	9	7	10	2
77	25	15	30	2.5	3	0.5	9	5	14	2
77	30	15	40	2	4	0.5	9	11	11	2
77	25	15	30	2	3	0.8	7	7	11	2
77	30	10	40	1.5	3	0.5	9	11	11	1
77	15	15	30	1.5	2	0.5	9	7	14	2
77	30	10	20	1.5	2	0.5	12	5	14	2
78	15	15	30	1.5	3	0.8	7	5	10	2
78	25	15	40	1.5	2	0.8	9	5	10	2
78	15	15	30	1.5	2	0.8	9	5	10	2
78	30	15	30	2	3	0.8	12	7	14	2
78	30	15	30	2.5	3	0.5	7	7	11	2
78	25	20	40	2	4	0.8	12	11	14	2
78	15	10	20	1.5	4	0.5	12	11	14	2
78	15	15	40	2	3	0.5	9	7	11	2
78	25	15	30	2.5	3	0.8	9	7	10	2
78	30	15	30	2	2	0.5	9	7	14	2
79	25	15	40	2	2	0.8	9	5	14	2
79	30	10	30	2.5	2	0.3	12	7	11	2
79	25	10	30	1.5	2	0.8	9	7	10	2
79	15	15	20	2	4	0.8	9	11	10	1
79	15	15	30	1.5	3	0.3	12	7	14	2
79	15	20	30	2	3	0.5	12	11	10	1
79	30	15	20	2	4	0.5	12	5	14	2
79	30	10	30	2	3	0.5	12	5	14	2
79	25	10	20	2	3	0.3	12	7	11	2
79	25	10	20	2	3	0.5	9	7	11	2
80	25	15	20	1.5	4	0.5	9	11	11	3
80	15	10	30	2	3	0.3	12	7	11	2
80	25	15	30	2	4	0.3	9	11	11	2
80	30	10	20	2	4	0.5	12	11	14	2
80	25	15	30	1.5	3	0.5	9	7	14	2
80	15	10	20	2	2	0.8	7	7	14	2
80	25	20	30	1.5	2	0.8	12	11	10	2
80	15	15	30	1.5	3	0.3	12	11	11	2
80	25	15	40	2.5	3	0.8	9	7	11	2
80	25	20	20	1.5	3	0.8	9	5	11	2
81	30	15	20	2.5	2	0.8	12	11	14	2
81	30	10	20	1.5	3	0.5	9	11	10	2
81	25	15	30	2.5	3	0.5	9	11	10	2
81	25	20	30	1.5	2	0.3	9	7	11	2
81	25	10	30	2	3	0.8	9	5	11	2
81	25	20	20	2	3	0.5	9	5	10	2
81	15	15	30	2	2	0.5	7	7	10	2
81	15	20	30	2	4	0.5	7	5	14	1
81	25	10	30	2	2	0.5	9	7	11	2
81	15	20	20	2	3	0.5	9	7	11	1
82	25	20	40	2.5	4	0.3	9	5	11	2
82	25	20	30	2	3	0.3	9	7	14	2
82	25	15	20	2.5	3	0.5	12	7	11	2
82	15	20	30	2	4	0.8	9	7	11	1
82	25	10	30	2	4	0.3	9	11	14	2
82	30	15	30	2	3	0.3	7	7	14	2
82	30	15	40	1.5	4	0.5	7	11	14	2
82	25	20	20	2	3	0.3	12	7	10	2
82	25	15	30	2.5	2	0.5	9	7	11	2
82	25	10	40	2	3	0.5	9	7	14	2
83	15	20	40	2	3	0.8	7	5	10	1
83	25	15	30	2	4	0.5	12	11	11	2
83	25	20	40	2	2	0.8	9	7	11	2
83	30	15	40	1.5	4	0.8	9	11	10	2
83	25	15	20	2	2	0.3	9	7	10	2
83	30	15	30	2.5	4	0.8	9	7	11	2
83	25	20	20	1.5	2	0.8	9	5	14	2
83	25	15	30	2	2	0.8	9	5	11	2
83	25	10	40	2	4	0.3	12	7	11	2
83	25	15	40	2	3	0.3	9	7	10	2
84	25	15	20	1.5	3	0.8	12	5	10	2
84	25	10	30	2	3	0.8	12	5	10	2
84	30	10	20	2	3	0.5	9	7	11	2
84	25	15	30	1.5	3	0.3	9	11	11	2
84	30	10	20	2	3	0.3	7	7	11	2
84	25	15	30	1.5	3	0.5	9	7	11	2
84	15	20	20	2	2	0.3	7	11	14	1
84	30	10	40	2	3	0.3	9	11	11	2
84	30	15	40	2.5	4	0.5	9	7	11	2
84	25	15	30	2.5	2	0.5	9	7	10	2
85	25	10	30	1.5	4	0.8	12	11	14	2
85	25	15	20	2	4	0.5	9	7	11	2
85	25	15	20	2.5	3	0.3	9	7	11	2
85	25	15	20	2	3	0.5	7	5	11	2
85	25	15	20	2	2	0.8	9	7	11	2
85	25	15	30	1.5	3	0.8	12	7	11	2
85	15	15	20	2	2	0.8	7	7	14	2
85	30	10	20	1.5	4	0.8	7	7	10	2
85	30	20	30	2.5	4	0.3	9	7	10	2
85	25	20	20	1.5	4	0.8	9	11	14	2
86	30	10	40	2.5	3	0.8	9	11	10	2
86	15	15	30	1.5	3	0.8	7	7	11	1
86	25	20	40	2	3	0.3	12	7	11	2
86	25	15	30	1.5	4	0.5	9	11	11	2
86	15	15	30	1.5	3	0.5	7	7	14	2
86	30	15	20	2.5	4	0.5	7	5	11	2
86	30	10	30	2	4	0.8	7	5	14	2
86	25	10	20	2	3	0.8	9	7	14	2
86	25	15	20	2.5	4	0.8	12	7	11	2
86	25	15	30	2.5	3	0.5	12	5	11	2
87	30	10	30	1.5	2	0.3	9	5	10	2
87	15	15	30	1.5	2	0.5	9	5	14	2
87	30	20	40	2	2	0.5	9	7	11	2
87	15	10	30	2	3	0.8	9	5	11	2
87	30	15	30	2	2	0.8	7	11	14	2
87	30	10	20	1.5	4	0.8	7	7	14	2
87	25	10	30	1.5	4	0.5	9	7	11	2
87	15	20	30	2.5	4	0.5	9	11	11	1
87	25	15	30	2.5	3	0.3	12	7	11	2
87	15	10	30	2	2	0.5	9	5	10	2
88	25	10	30	1.5	2	0.5	9	5	10	2
88	30	10	30	1.5	3	0.5	9	7	14	2
88	25	15	30	2	4	0.3	7	5	14	2
88	25	15	30	2	2	0.3	7	7	10	2
88	25	15	20	2	2	0.3	9	7	14	2
88	25	10	20	2	2	0.5	12	7	11	2
88	30	15	40	2	3	0.5	9	11	11	2
88	30	20	30	2	4	0.5	9	11	11	2
88	25	20	30	2.5	3	0.3	9	7	11	2
88	30	15	30	2.5	3	0.5	9	11	11	2
89	25	15	30	1.5	4	0.8	7	5	14	2
89	25	20	30	2	4	0.8	9	11	11	2
89	25	15	30	2	2	0.5	9	7	11	2
89	25	10	30	1.5	2	0.3	9	11	11	2
89	15	15	30	2	3	0.8	7	11	11	1
89	25	15	20	1.5	4	0.3	9	7	11	2
89	15	15	30	2	3	0.5	12	5	11	2
89	25	15	20	2	2	0.8	9	7	11	2
89	30	15	30	2	3	0.8	7	11	10	2
89	15	20	30	2	2	0.3	7	5	11	1
90	25	15	20	1.5	4	0.5	12	7	14	2
90	30	10	20	1.5	3	0.5	9	7	11	2
90	25	20	30	1.5	3	0.8	12	5	11	2
90	30	15	20	2	3	0.3	9	7	14	2
90	15	15	30	2	3	0.5	9	11	14	2
90	25	10	20	2	3	0.3	9	7	11	2
90	30	15	40	2	3	0.5	12	11	11	2
90	30	15	30	2	3	0.5	9	11	11	2
90	15	15	40	1.5	3	0.5	9	5	14	2
90	30	15	30	2	3	0.8	9	5	14	2
91	25	10	30	2.5	3	0.5	9	5	10	2
91	25	10	40	2.5	2	0.8	9	5	11	2
91	15	20	30	1.5	4	0.3	9	7	11	1
91	25	10	30	2.5	2	0.8	9	11	10	2
91	15	10	30	2	3	0.8	12	5	11	2
91	25	15	20	2	3	0.5	12	7	14	2
91	15	15	30	1.5	3	0.8	7	11	11	1
91	25	20	40	1.5	2	0.5	7	5	11	2
91	25	20	30	2	4	0.5	7	5	14	2
91	30	15	20	2	4	0.5	9	11	10	2
92	25	15	40	2	2	0.5	7	5	11	2
92	25	15	20	2	4	0.3	12	7	11	2
92	25	15	20	2.5	3	0.8	9	11	11	2
92	15	15	20	1.5	3	0.5	7	7	14	1
92	30	20	20	2	4	0.5	7	11	10	3
92	30	15	30	2	3	0.5	9	5	10	2
92	15	15	30	2	2	0.5	9	7	11	2
92	15	15	30	2	3	0.3	9	7	11	2
92	25	15	30	2.5	4	0.5	12	11	10	2
92	25	15	20	2.5	2	0.5	7	7	14	2
93	30	20	30	2.5	3	0.5	12	5	14	2
93	25	15	40	2.5	3	0.3	7	5	11	2
93	25	10	20	2	4	0.5	9	7	10	2
93	25	20	30	2	3	0.5	9	7	10	2
93	25	20	30	2.5	2	0.3	9	7	10	2
93	25	15	20	2	3	0.3	7	7	14	2
93	30	10	30	2.5	2	0.5	12	7	11	2
93	25	20	20	2	2	0.5	9	11	10	1
93	25	15	30	2	4	0.5	7	7	10	2
93	25	15	30	2	3	0.5	12	7	14	2
94	30	10	30	2	4	0.5	7	5	10	2
94	15	20	30	2	3	0.5	9	7	14	1
94	25	15	30	1.5	3	0.5	9	7	11	2
94	25	10	40	1.5	3	0.8	12	5	14	2
94	15	20	30	2	3	0.3	9	11	14	1
94	15	15	30	2	3	0.3	12	11	10	1
94	30	20	40	2.5	3	0.5	12	11	11	2
94	25	15	40	1.5	3	0.5	7	11	14	2
94	25	10	30	1.5	3	0.3	9	11	10	2
94	30	10	40	1.5	3	0.5	7	7	11	2
95	25	20	30	2.5	4	0.5	9	7	10	2
95	25	15	30	2	3	0.5	9	7	11	2
95	25	10	30	2	2	0.3	9	7	11	2
95	25	15	40	2.5	2	0.5	7	11	10	1
95	25	15	30	2	3	0.5	7	7	14	2
95	30	20	30	2	2	0.3	9	5	14	2
95	25	10	20	1.5	3	0.5	9	5	10	2
95	25	10	40	2	3	0.8	7	5	11	2
95	15	10	40	2	4	0.5	7	11	11	2
95	25	10	20	2.5	4	0.3	9	5	10	2
96	30	10	20	2	3	0.8	12	7	10	2
96	25	15	30	2	4	0.5	7	7	10	2
96	15	15	30	2.5	2	0.3	9	5	11	2
96	15	10	40	2.5	3	0.5	12	11	10	2
96	25	20	20	1.5	3	0.8	9	7	14	2
96	25	15	40	2.5	4	0.5	9	11	14	2
96	15	15	40	2	3	0.3	7	7	14	2
96	25	15	30	1.5	2	0.3	9	11	14	2
96	30	10	30	2.5	4	0.3	9	11	10	2
96	25	15	40	2	4	0.8	9	7	11	2
97	30	15	40	2.5	3	0.5	9	7	10	2
97	30	15	40	2	4	0.3	12	5	11	2
97	25	10	30	2	3	0.5	7	5	11	2
97	15	20	30	2	4	0.5	12	11	14	1
97	25	20	40	2	3	0.5	7	7	11	2
97	25	15	30	2.5	4	0.5	9	7	11	2
97	25	10	20	2.5	3	0.5	12	7	11	2
97	30	10	30	2.5	3	0.5	9	7	14	2
97	25	20	30	2.5	3	0.8	9	11	10	2
97	30	20	30	2	4	0.5	9	11	11	2
98	15	20	30	2.5	3	0.5	9	11	11	1
98	25	10	30	2	2	0.3	9	7	11	2
98	25	20	30	1.5	3	0.5	9	5	11	2
98	25	15	20	1.5	3	0.5	9	11	11	2
98	25	15	30	2	2	0.3	7	11	14	2
98	25	15	20	2	3	0.8	7	7	10	2
98	30	20	40	2	3	0.3	9	5	11	2
98	25	10	30	2	3	0.5	9	5	11	2
98	25	20	30	1.5	3	0.3	7	5	11	2
98	15	10	40	2	4	0.3	12	7	10	2
99	15	15	20	2.5	2	0.8	9	7	14	2
99	30	15	30	1.5	2	0.8	12	5	11	2
99	25	15	30	2	4	0.5	9	7	14	2
99	15	20	30	2	3	0.3	9	11	11	1
99	25	10	30	2	3	0.5	12	7	14	2
99	25	15	30	2	4	0.5	9	7	11	2
99	30	10	30	2	3	0.3	9	7	11	2
99	25	15	40	1.5	3	0.8	9	7	10	2
99	25	20	20	2	3	0.8	12	5	14	2
99	25	10	40	2	2	0.5	9	7	10	2
100	30	15	20	2	3	0.5	7	7	10	2
100	25	20	30	2	4	0.3	12	7	11	2
100	25	20	20	2.5	4	0.3	9	11	11	3
100	25	10	30	1.5	3	0.8	12	7	11	2
100	30	15	20	1.5	3	0.5	7	11	11	2
100	30	20	40	2	4	0.8	9	11	10	2
100	25	15	30	1.5	3	0.5	12	7	11	2
100	30	15	30	1.5	3	0.5	9	7	11	2
100	30	10	30	1.5	4	0.3	9	7	14	2
100	25	15	40	1.5	4	0.5	12	7	11	2
101	30	20	20	1.5	2	0.5	9	7	10	2
101	15	15	30	2.5	3	0.8	9	11	10	1
101	25	10	30	2	2	0.8	9	5	11	2
101	25	10	40	2	4	0.5	9	7	14	2
101	25	20	30	2	3	0.8	7	7	11	2
101	25	10	30	2	3	0.3	9	11	10	2
101	25	10	20	2	3	0.3	7	7	11	2
101	30	10	30	2	3	0.5	12	7	14	2
101	15	20	40	1.5	4	0.3	7	7	11	1
101	25	10	20	1.5	4	0.8	9	5	11	2
102	25	20	30	2.5	3	0.8	12	5	11	2
102	15	10	30	2.5	3	0.5	9	11	11	1
102	30	15	30	2	3	0.8	9	11	10	2
102	25	20	30	2	3	0.3	9	7	11	2
102	15	20	30	2	2	0.8	7	7	11	1
102	25	10	40	2	3	0.3	9	7	11	2
102	25	20	40	2	3	0.5	7	11	11	2
102	15	20	30	2	3	0.5	7	7	11	1
102	25	15	30	2.5	3	0.5	7	7	10	2
102	30	15	30	2	4	0.8	9	7	10	2
103	15	15	30	1.5	2	0.3	9	11	11	1
103	25	15	40	2	4	0.5	9	5	14	2
103	30	15	30	2	2	0.3	9	11	11	3
103	25	15	30	2.5	3	0.5	12	7	10	2
103	25	15	40	1.5	3	0.5	12	11	11	2
103	25	20	20	1.5	4	0.3	12	7	11	2
103	15	15	40	1.5	3	0.8	9	5	11	2
103	25	15	40	2	3	0.5	9	7	10	2
103	30	10	20	2.5	4	0.3	9	5	11	2
103	15	15	30	1.5	3	0.5	12	7	14	2
104	30	15	40	2	3	0.8	9	11	14	2
104	25	15	30	2	3	0.3	9	11	11	2
104	30	10	30	2	3	0.3	7	5	11	2
104	25	15	30	2	3	0.5	9	7	10	2
104	30	15	30	1.5	3	0.3	9	7	11	2
104	30	10	30	2	3	0.8	9	7	10	2
104	25	15	30	2	3	0.8	9	5	14	2
104	15	15	40	2	3	0.3	9	7	14	2
104	25	15	40	1.5	4	0.5	9	5	10	2
104	30	20	20	2	3	0.5	12	11	11	2
105	25	15	20	1.5	4	0.5	9	7	10	2
105	30	15	30	1.5	4	0.3	9	11	11	2
105	25	15	40	2	3	0.5	12	11	14	2
105	25	15	40	2	4	0.8	12	7	14	2
105	25	15	30	1.5	3	0.8	9	7	14	2
105	15	20	40	2	4	0.5	12	11	14	1
105	25	20	30	2.5	3	0.5	9	11	11	2
105	15	10	40	2.5	3	0.3	9	11	14	1
105	15	15	20	2.5	2	0.5	9	11	14	1
105	15	20	30	1.5	2	0.5	9	7	10	1
106	25	15	20	2	2	0.5	12	5	11	2
106	15	20	40	2	3	0.5	9	5	10	1
106	30	15	40	2.5	4	0.5	9	11	14	2
106	25	20	40	2	4	0.8	12	7	10	2
106	15	10	40	1.5	4	0.3	12	5	10	2
106	30	10	30	2	3	0.8	12	7	11	2
106	15	10	40	2.5	3	0.3	9	7	10	2
106	15	20	30	2.5	3	0.3	7	7	11	1
106	30	15	40	1.5	3	0.5	7	11	11	2
106	15	15	30	2.5	2	0.3	7	7	11	1
107	25	10	30	2	4	0.5	7	5	11	2
107	15	10	20	1.5	3	0.8	12	7	11	2
107	25	10	20	1.5	4	0.5	7	5	11	2
107	15	15	40	2.5	3	0.3	9	11	11	1
107	15	20	20	1.5	4	0.3	12	7	11	2
107	25	15	30	2	3	0.5	7	5	14	2
107	25	15	30	2	3	0.5	7	7	14	2
107	30	15	20	2.5	3	0.5	9	7	10	2
107	30	15	40	2	4	0.3	9	7	11	2
107	15	20	40	2	3	0.8	9	7	11	1
108	15	15	30	2.5	2	0.3	9	7	10	2
108	30	15	30	2.5	3	0.3	9	5	14	2
108	25	15	30	2.5	4	0.8	7	7	10	2
108	25	10	30	2.5	4	0.8	9	5	11	2
108	15	20	30	2	2	0.5	9	5	10	2
108	15	15	30	2	4	0.5	7	7	10	1
108	15	15	30	2.5	3	0.3	12	5	11	2
108	15	15	30	2.5	4	0.5	9	5	11	2
108	25	20	20	1.5	2	0.3	9	7	11	2
108	30	20	30	2.5	3	0.5	9	7	11	2
109	25	20	40	2	2	0.5	7	11	10	2
109	25	20	30	2.5	4	0.3	12	11	11	2
109	15	10	30	2	4	0.3	7	7	11	2
109	25	15	20	2.5	2	0.5	7	7	14	2
109	15	15	30	2	2	0.5	9	5	11	2
109	25	15	40	2	3	0.5	9	5	11	2
109	15	20	30	2	3	0.5	12	7	11	2
109	30	10	40	2	3	0.3	7	7	11	2
109	25	20	30	2	4	0.8	9	11	10	2
109	25	15	30	2	2	0.5	12	7	11	2
110	15	15	30	1.5	3	0.3	12	5	14	2
110	25	20	30	2	3	0.3	7	7	14	2
110	30	10	40	2.5	2	0.5	9	7	10	2
110	15	20	40	2.5	2	0.8	9	7	11	1
110	15	10	30	2	2	0.8	12	11	10	2
110	25	15	30	2	3	0.3	7	7	10	2
110	30	15	40	1.5	2	0.5	7	11	10	2
110	15	20	20	2	4	0.5	12	11	11	1
110	15	20	30	2	3	0.3	9	11	14	1
110	15	15	20	2	3	0.3	7	7	10	1
111	15	15	30	2	4	0.8	7	7	10	1
111	25	15	20	1.5	2	0.5	9	7	14	2
111	15	15	30	1.5	4	0.5	9	11	11	1
111	25	15	20	1.5	3	0.5	7	7	11	2
111	25	20	30	1.5	4	0.5	12	5	11	2
111	15	10	20	1.5	2	0.5	9	7	14	2
111	25	15	40	2	3	0.8	7	5	14	2
111	25	10	30	2	4	0.5	9	7	10	2
111	25	10	30	1.5	2	0.5	9	7	10	2
111	30	20	40	2.5	2	0.3	9	5	14	2
112	25	20	40	2.5	2	0.5	9	7	11	2
112	25	10	30	2	2	0.3	7	11	14	2
112	30	10	20	2	2	0.5	9	11	11	2
112	25	15	20	1.5	3	0.5	12	7	11	2
112	25	20	40	2	3	0.8	7	11	11	2
112	25	15	30	2	4	0.5	7	11	14	2
112	30	15	30	2	3	0.8	7	7	10	2
112	30	10	20	2	2	0.8	7	5	11	2
112	15	20	30	1.5	3	0.3	9	7	10	2
112	15	20	30	2	3	0.3	9	7	11	1
113	25	15	40	2.5	2	0.8	12	11	10	2
113	15	15	20	1.5	2	0.3	7	5	10	2
113	25	15	30	2	2	0.3	7	7	11	2
113	25	10	40	2.5	4	0.5	9	5	14	2
113	15	10	20	2.5	2	0.8	9	7	11	2
113	30	10	30	2.5	3	0.5	12	11	10	2
113	30	10	30	2	3	0.5	9	7	14	2
113	15	20	30	2.5	3	0.5	12	11	11	1
113	15	20	30	2	3	0.5	12	7	11	2
113	15	15	40	2.5	3	0.5	12	5	11	2
114	30	20	20	2	2	0.5	9	7	10	2
114	25	20	40	2	3	0.5	9	7	10	2
114	15	15	30	2	3	0.8	9	7	14	2
114	30	20	40	2.5	4	0.8	9	11	14	2
114	15	10	30	2.5	4	0.8	9	11	11	2
114	25	20	40	2	2	0.3	9	7	10	2
114	25	20	30	2.5	4	0.5	9	11	11	2
114	15	15	30	2	4	0.5	9	5	11	2
114	25	15	30	2	3	0.3	9	5	11	2
114	15	20	30	2	3	0.5	9	7	10	1
115	25	20	40	1.5	2	0.5	12	11	11	2
115	15	15	20	1.5	3	0.3	7	11	14	1
115	25	10	30	2.5	3	0.5	9	11	10	2
115	25	15	40	2	2	0.8	7	5	10	2
115	15	20	20	2	2	0.8	12	7	11	2
115	25	10	40	2	3	0.5	9	7	11	2
115	30	10	40	2	2	0.5	9	5	10	2
115	25	20	30	1.5	2	0.8	9	7	10	2
115	15	10	30	2	3	0.5	9	7	11	2
115	15	15	30	2	4	0.8	7	11	11	1
116	25	20	30	2	4	0.5	9	11	11	3
116	25	15	20	2.5	4	0.5	12	7	14	2
116	15	15	40	2	3	0.5	12	7	14	2
116	30	10	20	2.5	3	0.3	9	7	14	2
116	25	10	30	2	3	0.3	12	7	11	2
116	25	15	20	2	3	0.5	12	11	14	2
116	30	15	30	1.5	2	0.3	12	11	10	2
116	15	15	30	2	4	0.3	9	5	11	2
116	25	15	30	2.5	4	0.5	9	5	11	2
116	30	10	30	2.5	2	0.5	9	7	11	2
117	25	20	20	2	3	0.8	9	5	10	2
117	25	15	30	2.5	4	0.5	9	5	11	2
117	15	20	30	2	3	0.8	7	7	11	1
117	30	15	20	2	3	0.3	12	7	14	2
117	15	15	30	2.5	3	0.8	12	7	11	2
117	15	10	40	2	4	0.8	9	11	11	2
117	15	10	30	2	2	0.5	7	7	11	2
117	30	15	30	1.5	2	0.8	12	7	14	2
117	15	15	20	2.5	2	0.3	9	7	10	2
117	25	20	40	2	3	0.8	7	11	10	1
118	15	15	30	2.5	3	0.8	9	11	11	1
118	30	20	30	2	3	0.5	9	7	11	2
118	15	20	30	2	4	0.5	12	7	11	2
118	25	20	30	2	2	0.5	9	5	11	2
118	25	20	30	1.5	3	0.8	7	11	11	2
118	25	10	40	2	3	0.5	9	11	10	2
118	30	10	40	1.5	3	0.8	9	5	14	2
118	25	15	30	2	4	0.3	7	5	14	2
118	30	10	30	1.5	3	0.3	9	7	14	2
118	15	20	30	1.5	2	0.5	9	5	14	1
119	25	15	40	2	4	0.3	7	5	11	2
119	30	10	40	2.5	3	0.5	9	7	11	2
119	30	20	20	2	4	0.5	7	11	14	3
119	25	20	20	1.5	3	0.5	9	11	11	1
119	25	15	40	2	2	0.8	9	7	11	2
119	25	15	30	2.5	2	0.3	12	7	11	2
119	25	15	30	1.5	2	0.3	12	7	11	2
119	15	15	20	2.5	2	0.5	7	5	11	2
119	30	20	20	2	4	0.5	9	5	14	2
119	25	15	20	2	3	0.3	9	5	11	2
120	30	15	40	2	3	0.5	12	5	11	2
120	25	15	30	1.5	3	0.3	9	5	14	2
120	25	20	40	1.5	3	0.5	9	7	11	2
120	15	10	20	2	3	0.8	12	7	10	2
120	30	15	20	2.5	3	0.5	9	7	14	2
120	25	20	30	2	4	0.3	9	11	14	1
120	25	20	30	2	2	0.5	9	11	11	2
120	25	10	30	2	3	0.5	9	7	11	2
120	15	20	20	2	2	0.5	9	7	11	2
120	15	15	30	2	2	0.5	7	7	14	1
121	25	20	40	2	2	0.8	7	7	11	2
121	25	20	20	2	4	0.3	7	7	14	2
121	30	20	40	2	3	0.5	12	11	11	2
121	25	15	40	2	2	0.5	9	11	11	2
121	15	15	30	2.5	4	0.8	7	7	11	2
121	15	15	20	1.5	4	0.3	9	11	11	1
121	15	15	30	1.5	2	0.5	9	5	11	2
121	25	15	20	2.5	2	0.5	12	5	14	2
121	15	20	40	2.5	4	0.5	12	7	11	2
121	15	20	30	1.5	4	0.8	9	7	14	1
122	25	10	30	2	2	0.5	12	11	11	2
122	30	15	30	2.5	3	0.5	9	11	14	2
122	30	10	20	2.5	3	0.5	9	11	11	2
122	15	15	30	2.5	3	0.5	12	11	10	2
122	25	15	30	2	3	0.3	12	7	11	2
122	25	15	30	2	4	0.5	7	11	10	1
122	15	15	30	2	2	0.5	9	5	11	2
122	25	10	30	1.5	3	0.5	9	7	11	2
122	30	10	30	2	3	0.8	9	7	10	2
122	25	20	30	2	4	0.5	12	11	11	2
123	25	10	30	2.5	3	0.5	9	7	11	2
123	30	15	40	1.5	4	0.8	7	5	14	2
123	15	15	20	1.5	2	0.5	12	11	11	2
123	25	10	30	2.5	3	0.5	9	7	10	2
123	15	10	20	2	3	0.8	7	7	11	2
123	25	15	20	2	3	0.8	7	5	10	2
123	25	10	20	2	3	0.5	9	7	10	2
123	25	15	20	1.5	3	0.5	9	11	11	2
123	30	15	40	1.5	3	0.5	7	7	11	2
123	25	10	30	1.5	2	0.5	9	7	10	2
124	15	10	20	2.5	2	0.8	12	5	14	2
124	15	10	30	2.5	2	0.5	7	7	11	2
124	25	15	20	2	3	0.5	9	7	11	2
124	25	15	30	1.5	3	0.3	9	5	11	2
124	25	20	30	2	4	0.3	9	11	10	2
124	25	15	20	2.5	2	0.3	12	7	11	2
124	15	15	40	2	3	0.5	7	11	11	1
124	25	15	30	2	3	0.3	12	5	14	2
124	15	15	30	1.5	3	0.3	7	11	11	1
124	15	10	20	2	3	0.8	7	7	11	2
125	25	10	30	2	3	0.8	12	7	14	2
125	15	20	30	1.5	2	0.5	9	7	11	1
125	25	15	20	2.5	3	0.3	9	5	14	2
125	15	15	30	2	3	0.5	7	7	14	1
125	25	15	30	2	4	0.8	9	7	11	2
125	25	15	30	1.5	4	0.5	7	11	11	2
125	25	10	30	1.5	3	0.3	9	7	11	2
125	25	15	20	2	3	0.5	7	11	10	1
125	25	15	40	1.5	2	0.5	12	5	14	2
125	30	10	30	1.5	3	0.3	9	11	11	2
126	25	10	20	1.5	3	0.3	9	7	11	2
126	30	15	30	2	3	0.8	9	11	10	2
126	30	15	30	1.5	2	0.5	9	11	10	2
126	25	20	30	1.5	2	0.5	7	11	11	1
126	25	20	20	2	3	0.8	9	7	14	2
126	25	15	30	2	2	0.5	9	7	14	2
126	25	15	40	2	3	0.5	9	7	11	2
126	30	20	30	1.5	4	0.5	12	7	14	2
126	25	20	20	2	3	0.8	9	5	14	2
126	25	20	30	2.5	2	0.5	9	7	11	2
127	15	15	30	2	2	0.8	7	7	11	2
127	15	15	30	2	2	0.8	9	7	10	2
127	25	15	30	2.5	3	0.5	12	11	14	2
127	25	15	30	2	3	0.5	9	5	14	2
127	25	20	20	1.5	4	0.3	7	11	10	3
127	15	20	40	2.5	3	0.8	12	11	11	1
127	25	20	30	2	3	0.5	9	5	10	2
127	30	15	30	2	4	0.3	12	11	14	2
127	15	10	30	2.5	3	0.5	9	5	11	2
127	25	10	40	2.5	2	0.3	9	11	11	2
128	30	20	40	2	4	0.3	12	11	14	2
128	25	15	30	2	2	0.5	7	7	10	2
128	30	10	20	1.5	2	0.5	12	7	11	2
128	25	15	30	2.5	3	0.5	9	7	11	2
128	15	20	30	2	3	0.8	9	7	11	2
128	25	20	30	2	4	0.5	12	7	14	2
128	15	10	30	2.5	2	0.8	9	5	11	2
128	25	10	30	2	3	0.3	9	11	11	2
128	25	10	40	2	3	0.3	12	7	11	2
128	15	20	20	2	3	0.3	12	11	11	1
129	25	15	30	2.5	3	0.5	9	7	11	2
129	15	15	30	2	3	0.5	9	11	11	1
129	25	10	30	2.5	3	0.3	9	11	11	2
129	25	15	30	2.5	4	0.8	9	5	10	2
129	15	15	40	2.5	3	0.3	12	5	14	2
129	15	15	30	1.5	4	0.8	12	7	14	2
129	15	15	30	2.5	4	0.5	7	7	10	2
129	25	10	30	1.5	3	0.5	9	7	11	2
129	15	10	30	2	4	0.8	12	7	11	2
129	25	15	20	2	2	0.5	9	7	10	2
130	15	15	40	1.5	3	0.5	9	7	11	2
130	30	10	30	1.5	3	0.3	12	11	14	2
130	25	15	30	2	4	0.5	9	11	11	2
130	30	20	20	2.5	2	0.8	12	7	11	2
130	25	10	30	1.5	2	0.3	9	7	11	2
130	15	15	40	2	2	0.8	7	5	10	1
130	25	20	30	2	3	0.5	7	7	11	2
130	15	15	20	2	3	0.3	9	7	11	2
130	25	10	30	2.5	2	0.5	12	7	11	2
130	15	15	30	2	4	0.5	9	7	10	1
131	30	15	30	1.5	4	0.3	7	7	10	2
131	25	10	30	2.5	3	0.5	9	5	10	2
131	25	10	30	2.5	3	0.8	12	7	10	2
131	30	15	30	2.5	4	0.5	12	5	11	2
131	25	15	20	1.5	4	0.5	7	11	11	2
131	15	15	20	2	4	0.8	12	7	11	2
131	15	20	20	2.5	3	0.5	12	11	10	3
131	15	10	40	2	2	0.5	9	5	11	2
131	25	10	20	2	2	0.3	7	7	10	2
131	30	15	30	2	3	0.3	9	11	11	2
132	15	15	30	2	3	0.5	9	11	10	2
132	25	15	40	2.5	4	0.3	9	5	14	2
132	25	15	30	2	3	0.5	9	11	11	2
132	15	10	30	1.5	2	0.3	9	11	11	2
132	30	15	30	2.5	4	0.5	9	11	14	2
132	25	15	20	2	4	0.8	9	11	11	2
132	25	15	30	2	3	0.3	9	7	10	2
132	15	10	40	2	4	0.3	7	7	10	2
132	30	10	20	2	4	0.3	12	11	11	2
132	25	15	30	2.5	4	0.8	12	7	14	2
133	30	15	30	2	3	0.5	9	11	14	2
133	25	15	30	1.5	3	0.5	9	11	11	2
133	30	20	20	2	3	0.5	9	5	11	2
133	25	10	30	2.5	2	0.5	9	11	10	2
133	25	15	30	2	3	0.8	12	11	14	2
133	30	15	40	2	4	0.5	12	7	14	2
133	30	10	40	2.5	3	0.5	12	7	10	2
133	25	10	20	2.5	3	0.5	12	7	11	2
133	30	10	40	2.5	4	0.5	7	7	14	2
133	15	15	30	2	2	0.5	9	5	14	2
134	25	15	40	2	2	0.8	7	11	11	2
134	25	15	30	2	2	0.5	12	7	11	2
134	25	20	20	1.5	3	0.8	9	5	11	2
134	25	15	30	2	2	0.3	12	5	11	2
134	25	20	30	2	3	0.3	9	5	14	2
134	30	15	40	2	4	0.3	9	7	14	2
134	15	20	30	2.5	3	0.8	12	11	11	1
134	25	20	20	2.5	2	0.8	9	7	10	2
134	30	10	20	2	3	0.5	9	7	10	2
134	15	20	20	2	4	0.3	7	7	11	1
135	15	15	20	2	4	0.5	9	7	10	2
135	25	10	30	2	3	0.5	9	11	11	2
135	25	20	40	2	3	0.3	7	7	10	2
135	30	15	30	2.5	3	0.5	9	7	11	2
135	15	15	40	2	2	0.5	12	11	14	2
135	30	15	30	2.5	3	0.5	12	11	14	2
135	30	15	30	2.5	4	0.8	9	7	11	2
135	15	15	30	1.5	2	0.3	9	5	11	2
135	25	20	20	2.5	3	0.8	9	7	14	2
135	25	15	40	2.5	2	0.3	9	5	11	2
136	25	10	30	2.5	3	0.5	12	7	14	2
136	15	15	30	2	2	0.5	7	7	14	1
136	30	15	30	2.5	4	0.3	7	7	11	2
136	25	20	20	1.5	4	0.8	7	5	10	2
136	15	15	30	2	2	0.8	9	7	11	2
136	30	15	20	2	2	0.8	9	11	11	2
136	25	20	30	2	3	0.3	9	5	14	2
136	25	20	20	1.5	2	0.3	9	5	10	2
136	25	20	40	1.5	3	0.5	9	5	10	2
136	25	20	30	1.5	3	0.5	9	11	11	1
137	15	15	20	2	3	0.3	9	5	10	2
137	15	10	40	1.5	3	0.8	9	7	11	2
137	30	15	40	2.5	3	0.5	9	5	11	2
137	25	15	30	2.5	3	0.5	9	7	14	2
137	15	10	20	1.5	3	0.5	12	5	11	2
137	25	10	30	1.5	4	0.3	9	5	11	2
137	30	15	30	1.5	3	0.5	7	7	11	2
137	15	15	20	1.5	2	0.8	9	5	11	2
137	25	20	40	1.5	3	0.5	7	11	11	2
137	25	15	30	2	4	0.3	9	7	14	2
138	15	15	20	1.5	4	0.5	9	5	11	2
138	15	15	20	2	3	0.8	9	7	11	2
138	25	10	40	2.5	4	0.3	9	7	14	2
138	30	15	30	2	3	0.3	7	7	11	2
138	25	20	30	2.5	3	0.5	12	7	11	2
138	15	15	20	2.5	2	0.5	12	7	10	2
138	25	15	30	2	4	0.8	9	11	10	2
138	25	20	30	2.5	2	0.5	9	5	11	2
138	25	20	30	1.5	3	0.8	9	11	14	2
138	25	15	40	2	2	0.8	9	11	11	2
139	25	15	40	1.5	2	0.5	7	7	10	2
139	15	10	30	1.5	3	0.5	12	7	10	2
139	25	10	30	2.5	2	0.3	7	7	10	2
139	30	15	20	2	2	0.5	9	11	11	2
139	30	20	20	2	2	0.8	7	7	11	2
139	25	20	40	2	2	0.5	12	7	14	2
139	30	15	30	1.5	2	0.5	7	5	11	2
139	25	15	40	1.5	3	0.3	12	7	11	2
139	25	15	20	1.5	4	0.5	9	11	11	2
139	25	20	30	2.5	3	0.5	9	7	10	2
140	25	15	30	2.5	2	0.8	7	11	10	2
140	25	10	30	2	3	0.5	7	7	11	2
140	15	20	40	2	3	0.5	7	5	10	1
140	30	10	40	1.5	3	0.3	9	11	14	2
140	30	15	40	1.5	4	0.3	9	11	10	2
140	25	15	30	1.5	4	0.5	9	7	14	2
140	25	15	20	1.5	2	0.5	12	7	11	2
140	30	10	20	2.5	2	0.8	9	5	14	2
140	15	20	30	2	4	0.5	12	5	14	2
140	25	15	40	1.5	3	0.8	7	7	14	2
141	25	15	30	2	3	0.5	7	11	11	2
141	30	20	20	2	4	0.8	12	11	11	3
141	25	15	20	2.5	2	0.3	9	11	11	2
141	25	15	30	2.5	2	0.3	7	7	11	2
141	30	15	30	2	4	0.5	7	11	11	2
141	15	20	30	1.5	2	0.5	9	11	11	1
141	15	20	30	2	2	0.5	7	11	10	1
141	25	10	30	2	3	0.5	12	11	11	2
141	25	15	40	2	2	0.5	9	5	14	2
141	25	15	40	2.5	4	0.5	7	11	10	2
142	25	15	30	2	3	0.5	9	7	10	2
142	25	20	40	1.5	2	0.8	7	11	11	1
142	30	20	30	2	3	0.5	7	7	11	2
142	25	10	30	2	3	0.3	7	5	10	2
142	30	15	30	2	3	0.8	9	11	10	2
142	25	15	30	2	3	0.3	9	5	11	2
142	30	15	30	2	3	0.8	12	11	10	2
142	15	15	30	1.5	3	0.5	7	7	14	1
142	30	10	30	2	3	0.3	9	7	10	2
142	25	15	40	2	3	0.8	12	7	10	2
143	25	15	40	1.5	2	0.5	9	7	11	2
143	25	20	30	1.5	3	0.8	12	11	14	2
143	30	10	30	2	3	0.3	12	7	10	2
143	25	10	30	2	2	0.8	12	7	11	2
143	15	20	20	2.5	4	0.3	9	7	14	1
143	25	10	20	1.5	3	0.5	9	11	11	2
143	25	15	30	1.5	2	0.5	12	7	11	2
143	15	15	30	2	2	0.5	9	7	14	2
143	30	15	20	2	4	0.5	9	5	11	2
143	25	20	40	2	3	0.8	12	11	10	2
144	25	10	20	2	3	0.5	7	5	11	2
144	30	15	40	2	4	0.3	7	5	14	2
144	25	20	20	2	4	0.8	7	11	14	2
144	25	15	30	2	3	0.8	7	11	11	2
144	25	20	20	2	4	0.5	7	11	11	3
144	30	20	30	1.5	4	0.8	12	7	10	2
144	15	10	30	2	3	0.3	12	7	11	2
144	25	10	30	2	3	0.3	7	11	10	2
144	15	15	20	2.5	2	0.8	9	11	14	2
144	30	20	20	2.5	4	0.8	7	7	10	2
145	25	10	20	1.5	4	0.3	9	5	11	2
145	25	10	20	2	2	0.5	9	7	14	2
145	25	15	30	1.5	3	0.8	9	7	10	2
145	15	20	30	2	2	0.3	7	7	11	1
145	30	10	30	2.5	4	0.8	9	7	11	2
145	30	10	40	2.5	3	0.3	9	7	11	2
145	15	15	20	1.5	3	0.5	12	7	11	2
145	25	15	30	1.5	3	0.5	7	7	11	2
145	25	15	30	2	4	0.8	7	11	10	2
145	30	10	20	1.5	3	0.8	12	7	14	2
146	25	15	30	2.5	4	0.5	9	11	11	2
146	30	15	40	1.5	2	0.5	12	7	11	2
146	25	10	20	1.5	3	0.8	12	5	11	2
146	15	20	20	1.5	3	0.5	9	7	14	1
146	15	15	30	2	2	0.5	9	7	10	2
146	15	10	20	1.5	3	0.8	7	5	11	2
146	15	10	40	1.5	4	0.3	7	7	11	2
146	25	10	40	2	2	0.5	9	5	10	2
146	25	15	30	2	3	0.5	7	11	11	2
146	25	20	30	2	4	0.5	9	11	11	1
147	25	20	20	2.5	3	0.3	9	7	11	2
147	15	15	30	2.5	4	0.5	12	5	11	2
147	25	20	30	2	3	0.5	9	11	11	2
147	25	20	30	2	2	0.8	9	11	14	1
147	25	10	30	2	2	0.5	7	7	10	2
147	30	15	40	2	3	0.3	9	7	11	2
147	25	20	30	2	3	0.5	9	7	14	2
147	25	10	20	1.5	4	0.8	7	5	14	2
147	25	15	30	2	3	0.5	9	7	14	2
147	30	20	40	2	4	0.5	12	5	14	2
148	25	10	30	1.5	3	0.3	7	7	11	2
148	30	15	20	2	3	0.3	12	11	11	2
148	25	10	30	2	2	0.5	9	5	14	2
148	15	15	40	2	3	0.3	7	7	14	1
148	30	20	40	2	3	0.3	9	11	10	2
148	25	20	20	2	3	0.8	9	11	11	2
148	25	20	30	2	3	0.5	9	7	14	2
148	30	10	20	2.5	3	0.8	12	7	11	2
148	30	15	30	2	4	0.3	9	7	10	2
148	15	20	40	2	4	0.3	7	7	11	1
149	25	15	30	2.5	2	0.5	9	7	11	2
149	25	15	40	2	2	0.8	9	7	14	2
149	25	10	40	2	4	0.5	9	11	10	2
149	30	20	30	2	3	0.8	12	5	11	2
149	15	15	30	2	3	0.3	12	7	10	2
149	25	10	40	2	2	0.5	7	5	10	2
149	25	20	40	2	4	0.5	7	5	14	2
149	30	10	40	2	2	0.5	9	7	14	2
149	25	20	40	2	2	0.8	12	11	14	2
149	25	15	30	1.5	3	0.5	12	11	10	2
150	25	15	40	2	4	0.8	7	5	10	2
150	30	20	20	2	4	0.3	7	11	10	3
150	15	15	40	1.5	2	0.5	9	7	14	2
150	15	15	20	2	3	0.5	7	7	10	1
150	30	15	30	1.5	3	0.8	9	5	11	2
150	30	15	40	2.5	2	0.5	12	11	10	2
150	25	10	40	2	3	0.8	12	7	11	2
150	15	15	20	1.5	4	0.5	12	11	10	1
150	25	10	20	2	2	0.5	7	7	10	2
150	15	10	40	2.5	3	0.8	9	11	11	2
151	25	15	30	2	4	0.3	12	5	11	2
151	25	20	20	2	2	0.5	9	11	10	3
151	25	15	40	1.5	3	0.3	7	7	10	2
151	25	15	30	1.5	3	0.5	7	5	10	2
151	30	10	30	1.5	4	0.8	12	11	11	2
151	25	20	40	2	4	0.8	12	5	14	2
151	25	10	30	2.5	3	0.3	9	7	14	2
151	25	10	30	1.5	3	0.3	12	5	11	2
151	15	10	20	2	2	0.5	9	11	14	2
151	15	15	20	2.5	3	0.8	7	11	11	1
152	25	15	40	2.5	4	0.3	9	7	11	2
152	25	15	40	2	4	0.3	9	7	11	2
152	15	15	20	2	3	0.3	7	5	14	2
152	30	15	20	2	2	0.5	7	5	11	2
152	25	10	20	2	3	0.3	12	11	14	2
152	25	15	30	2.5	4	0.5	9	7	10	2
152	30	15	30	2	2	0.5	9	7	11	2
152	30	15	20	1.5	2	0.3	7	7	10	2
152	30	15	30	1.5	2	0.3	7	7	10	2
152	25	10	40	2	3	0.5	9	11	14	2
153	15	10	30	2	2	0.5	9	7	11	2
153	30	15	30	1.5	4	0.5	7	5	10	2
153	25	15	20	2	4	0.5	9	7	11	2
153	25	10	30	1.5	3	0.3	9	5	10	2
153	30	15	30	2	3	0.5	12	7	14	2
153	15	10	20	2	3	0.5	9	11	11	2
153	25	15	30	2.5	2	0.3	7	7	11	2
153	25	10	30	1.5	2	0.5	9	11	10	2
153	15	20	40	2.5	4	0.3	7	11	14	1
153	25	15	30	2.5	2	0.3	9	11	10	2
154	30	15	20	2	3	0.5	12	7	10	2
154	25	15	40	2.5	4	0.5	12	7	11	2
154	25	15	30	2.5	4	0.5	9	7	11	2
154	15	15	40	2.5	2	0.5	7	11	11	1
154	25	15	30	1.5	3	0.5	9	7	14	2
154	25	15	30	2.5	3	0.3	9	11	14	1
154	25	15	40	1.5	2	0.5	9	5	11	2
154	25	10	30	2	3	0.5	9	7	11	2
154	15	10	40	2	2	0.3	7	5	11	2
154	25	10	20	1.5	4	0.5	9	7	11	2
155	25	15	30	2	3	0.5	9	11	11	2
155	25	15	20	1.5	3	0.5	7	7	10	2
155	25	20	40	2	3	0.8	9	7	11	2
155	15	20	30	2	3	0.8	12	7	14	1
155	15	20	30	2	2	0.5	7	7	14	1
155	25	15	20	1.5	3	0.5	12	7	10	2
155	15	20	30	2	2	0.8	12	5	11	2
155	25	15	20	2	4	0.3	7	5	11	2
155	15	15	30	1.5	3	0.5	7	11	11	1
155	25	10	20	1.5	4	0.3	7	7	14	2
156	25	20	30	1.5	3	0.5	12	7	11	2
156	25	10	30	1.5	3	0.8	12	5	14	2
156	25	15	40	2.5	2	0.5	9	7	11	2
156	30	10	40	2	3	0.5	9	7	14	2
156	25	10	40	2	3	0.5	12	5	11	2
156	30	15	30	1.5	3	0.3	9	11	14	2
156	30	15	40	2	3	0.3	9	7	14	2
156	30	15	30	2.5	3	0.8	9	7	11	2
156	30	15	30	2	4	0.5	7	5	11	2
156	15	15	40	1.5	4	0.5	12	11	14	1
157	25	20	30	2	2	0.5	9	5	14	2
157	30	15	30	1.5	3	0.5	9	5	14	2
157	15	10	20	2	4	0.5	12	7	14	2
157	15	15	40	2	3	0.5	9	5	11	2
157	30	15	30	2.5	3	0.3	9	7	11	2
157	15	15	30	1.5	4	0.5	9	5	11	2
157	30	15	30	2	2	0.5	12	5	10	2
157	25	20	20	2.5	2	0.5	9	7	14	2
157	15	15	30	2.5	4	0.5	12	5	11	2
157	25	10	30	2	2	0.3	9	5	14	2
158	25	10	20	1.5	4	0.5	9	5	14	2
158	25	10	40	2	3	0.5	9	7	14	2
158	25	15	40	2.5	4	0.5	12	11	11	2
158	25	10	30	2	4	0.5	9	5	11	2
158	15	20	20	2	3	0.5	9	5	11	2
158	25	15	30	2.5	4	0.5	7	5	11	2
158	15	15	30	2.5	4	0.8	7	7	14	1
158	30	15	40	2.5	3	0.5	9	7	10	2
158	15	20	20	2	3	0.8	9	7	11	1
158	30	10	30	2	4	0.8	9	7	11	2
159	25	15	40	2.5	4	0.5	9	5	11	2
159	25	15	30	2	3	0.3	9	7	11	2
159	15	10	20	2	3	0.5	9	5	10	2
159	25	15	30	2	3	0.5	12	11	10	2
159	25	15	20	2.5	2	0.3	9	5	11	2
159	30	15	30	1.5	4	0.5	9	5	14	2
159	30	10	30	2	3	0.3	9	11	10	2
159	25	15	30	2.5	3	0.5	7	7	11	2
159	25	10	30	2	2	0.8	9	7	11	2
159	25	20	40	2	4	0.5	9	7	10	2
160	25	15	30	1.5	2	0.5	9	7	14	2
160	25	15	30	2	2	0.5	9	7	11	2
160	15	20	40	1.5	3	0.5	7	5	11	1
160	25	10	20	2	4	0.8	7	7	10	2
160	25	15	40	2.5	3	0.8	12	5	11	2
160	15	15	30	2	2	0.8	9	11	14	1
160	25	15	40	1.5	2	0.5	9	11	11	2
160	25	15	30	2	2	0.5	9	7	11	2
160	25	10	40	2	3	0.5	9	7	14	2
160	25	20	40	2	3	0.3	9	11	11	1
161	25	15	30	2	3	0.8	12	7	11	2
161	25	15	20	2	3	0.5	12	7	11	2
161	25	15	30	2.5	3	0.5	7	11	11	2
161	25	20	30	1.5	3	0.8	12	5	11	2
161	25	10	30	2	2	0.8	9	5	11	2
161	25	15	40	2	2	0.5	7	5	10	2
161	25	10	20	2.5	3	0.5	7	11	11	2
161	25	15	20	2	3	0.5	12	5	11	2
161	15	15	20	1.5	3	0.5	9	7	10	2
161	15	15	40	2	3	0.5	7	7	10	1
162	30	20	20	1.5	3	0.5	12	7	11	2
162	25	15	30	2	4	0.5	7	7	11	2
162	25	15	30	1.5	2	0.5	7	7	11	2
162	25	15	30	2	2	0.8	7	7	11	2
162	15	15	40	1.5	4	0.5	12	11	11	2
162	30	15	20	2.5	4	0.8	12	11	11	2
162	15	15	20	2.5	2	0.5	7	7	11	2
162	25	20	30	2.5	4	0.5	7	7	11	2
162	25	15	30	1.5	2	0.5	7	7	11	2
162	25	10	30	1.5	2	0.5	9	5	11	2
163	15	20	30	2.5	2	0.5	12	7	10	2
163	15	20	30	2	3	0.3	12	5	11	2
163	25	15	40	2	4	0.5	9	11	11	2
163	30	15	30	2	3	0.5	12	11	11	2
163	25	15	30	2	2	0.3	9	5	11	2
163	15	20	20	2.5	3	0.3	9	11	11	1
163	25	15	40	1.5	4	0.8	12	7	14	2
163	15	20	20	2	3	0.3	7	7	11	1
163	15	15	30	1.5	2	0.5	12	5	10	2
163	30	15	20	1.5	4	0.5	9	7	11	2
164	25	20	20	1.5	3	0.3	12	7	10	3
164	30	15	30	2.5	2	0.5	9	11	11	2
164	25	10	20	2.5	3	0.8	9	7	14	2
164	25	15	40	2	2	0.8	12	5	11	2
164	25	10	20	2	4	0.5	9	11	14	2
164	25	15	20	2	3	0.3	12	5	11	2
164	25	15	40	2	2	0.5	9	7	14	2
164	25	15	40	2	3	0.5	9	5	11	2
164	30	15	30	1.5	2	0.8	12	7	10	2
164	25	15	30	2	3	0.5	12	7	11	2
165	30	10	30	2.5	3	0.5	9	5	11	2
165	25	15	30	2.5	2	0.8	9	11	11	2
165	30	15	30	2.5	3	0.5	9	7	11	2
165	25	20	30	2.5	4	0.8	7	7	10	2
165	30	20	30	2	4	0.8	7	5	11	2
165	25	10	30	2.5	3	0.8	7	5	14	2
165	30	20	30	2	3	0.3	7	7	14	2
165	25	10	30	2	3	0.3	7	5	10	2
165	30	15	30	1.5	3	0.3	7	5	11	2
165	15	10	40	1.5	4	0.5	7	7	10	2
166	15	15	40	2	3	0.5	12	7	14	2
166	25	15	40	2	2	0.8	9	7	10	2
166	30	15	40	2	4	0.5	9	7	10	2
166	25	10	20	1.5	2	0.8	9	7	11	2
166	30	20	20	2.5	2	0.5	9	7	10	3
166	30	20	30	2.5	3	0.5	7	7	10	2
166	25	15	30	2	4	0.8	12	7	14	2
166	25	15	30	1.5	2	0.5	9	11	14	2
166	30	20	30	2.5	4	0.8	12	7	11	2
166	15	15	30	2	3	0.5	9	5	11	2
167	25	10	40	2	3	0.5	7	7	14	2
167	25	15	30	1.5	3	0.8	12	7	11	2
167	25	15	20	1.5	2	0.5	7	11	11	3
167	25	10	20	2	3	0.5	7	7	11	2
167	30	15	30	2	2	0.5	12	7	11	2
167	25	15	30	2	3	0.5	12	11	11	2
167	25	10	30	2.5	4	0.8	7	11	11	2
167	25	10	20	2.5	3	0.5	9	5	11	2
167	30	15	30	2	3	0.8	7	7	11	2
167	25	20	20	2	3	0.3	9	11	11	3
168	15	20	40	2	4	0.5	12	5	14	2
168	15	10	30	2	2	0.3	7	11	14	1
168	25	20	30	2	2	0.8	9	7	11	2
168	30	20	30	2.5	3	0.3	7	7	11	2
168	25	20	40	1.5	3	0.8	9	11	11	2
168	30	10	20	2.5	3	0.5	9	7	11	2
168	30	15	40	2	3	0.8	12	7	11	2
168	30	15	30	2.5	2	0.3	9	7	14	2
168	15	10	30	2.5	3	0.5	12	7	10	2
168	15	10	20	2.5	3	0.5	12	5	11	2
169	15	10	40	2.5	3	0.5	7	7	14	2
169	25	15	40	2.5	2	0.3	9	11	10	2
169	25	15	30	1.5	3	0.5	12	11	11	2
169	15	15	20	2	2	0.3	9	5	10	2
169	15	15	30	1.5	4	0.8	7	7	10	1
169	25	15	20	1.5	2	0.5	9	7	11	2
169	25	15	30	1.5	4	0.5	9	11	11	2
169	25	15	30	2	3	0.5	12	7	11	2
169	15	15	30	2.5	4	0.8	12	7	14	2
169	30	15	40	2.5	3	0.3	9	7	10	2
170	25	15	20	2	3	0.5	9	11	11	2
170	25	20	30	2.5	3	0.5	12	7	11	2
170	15	20	30	2	2	0.8	7	7	11	1
170	30	15	40	1.5	3	0.5	9	7	11	2
170	15	20	30	2	2	0.8	9	5	11	2
170	30	10	40	1.5	4	0.8	9	5	14	2
170	15	20	20	2.5	4	0.5	9	5	11	1
170	30	15	40	2	2	0.5	12	7	11	2
170	25	15	30	2.5	3	0.5	7	11	11	2
170	30	20	20	1.5	3	0.5	12	7	10	2
171	30	10	20	2	2	0.3	9	5	11	2
171	25	10	20	2.5	3	0.5	9	11	11	2
171	30	20	30	2	3	0.5	7	7	11	2
171	25	20	40	2.5	4	0.8	9	11	11	1
171	15	15	30	2	3	0.3	12	11	10	2
171	30	15	30	1.5	3	0.5	9	11	14	2
171	15	20	30	1.5	2	0.5	12	11	11	1
171	25	15	30	2.5	3	0.5	9	7	11	2
171	30	10	30	2	3	0.3	9	7	11	2
171	30	15	20	2.5	2	0.5	7	5	10	2
172	15	20	20	1.5	2	0.5	9	7	14	2
172	30	10	40	1.5	2	0.8	9	7	11	2
172	25	20	20	1.5	3	0.8	9	5	14	2
172	30	15	40	1.5	2	0.8	12	5	11	2
172	30	15	20	2.5	4	0.8	9	5	14	2
172	25	15	20	2	4	0.3	12	11	10	2
172	30	20	30	2.5	3	0.3	9	11	11	2
172	25	10	30	2	2	0.3	7	5	14	2
172	30	20	30	2	4	0.8	9	7	11	2
172	25	15	40	2.5	2	0.8	7	11	11	2
173	15	20	30	2	2	0.3	7	11	11	1
173	25	15	20	2	4	0.5	7	11	10	2
173	25	15	20	2.5	2	0.5	9	11	11	2
173	25	20	20	1.5	3	0.5	9	11	11	2
173	15	20	30	2	2	0.3	9	7	11	1
173	25	15	40	1.5	3	0.5	9	5	14	2
173	30	20	40	1.5	3	0.5	12	7	14	2
173	15	20	40	1.5	3	0.5	9	11	11	1
173	25	15	30	2	3	0.5	9	7	10	2
173	15	15	40	2.5	3	0.5	12	7	11	2
174	25	15	30	2.5	3	0.3	7	5	10	2
174	25	15	30	1.5	3	0.5	12	7	14	2
174	25	15	30	2	3	0.5	9	11	11	2
174	25	10	30	2	4	0.5	7	5	11	2
174	25	15	30	2	3	0.5	12	11	10	2
174	15	15	30	2	4	0.8	12	11	10	1
174	30	10	30	2	2	0.8	12	7	10	2
174	15	15	30	1.5	4	0.5	12	11	11	1
174	25	20	40	2	4	0.8	7	5	14	2
174	25	15	40	2	3	0.5	7	7	11	2
175	25	20	20	1.5	4	0.5	9	11	11	3
175	30	10	30	1.5	4	0.8	7	7	11	2
175	25	15	30	2	3	0.5	7	7	11	2
175	25	20	30	2	2	0.5	9	7	11	2
175	30	15	40	2	3	0.5	12	11	11	2
175	30	15	30	1.5	2	0.3	7	7	10	2
175	25	15	20	2.5	3	0.3	12	7	14	2
175	25	15	30	2	2	0.8	9	7	11	2
175	25	20	30	1.5	3	0.5	12	5	11	2
175	15	20	30	1.5	3	0.3	12	7	14	1
176	25	20	20	2	3	0.8	9	5	14	2
176	30	10	30	2	2	0.5	9	7	11	2
176	15	10	30	2.5	3	0.5	7	11	10	2
176	30	20	30	2.5	4	0.5	12	7	10	2
176	15	15	30	2	3	0.5	9	7	14	2
176	25	15	40	2.5	3	0.3	9	7	11	2
176	30	10	40	2.5	2	0.8	9	7	10	2
176	15	10	20	2.5	3	0.5	7	5	10	2
176	30	10	40	1.5	2	0.5	9	7	14	2
176	25	10	30	2.5	3	0.3	9	7	11	2
177	25	15	40	2.5	2	0.5	12	7	11	2
177	25	15	30	2	3	0.5	9	7	11	2
177	25	15	20	2	4	0.5	7	7	11	2
177	25	15	30	2.5	2	0.8	9	7	11	2
177	30	15	30	2	3	0.5	9	5	11	2
177	30	10	40	1.5	4	0.8	9	7	10	2
177	25	10	30	2.5	2	0.3	9	7	10	2
177	25	15	30	1.5	2	0.5	9	5	11	2
177	30	20	30	2	2	0.5	9	7	11	2
177	30	15	20	2.5	4	0.5	9	7	14	2
178	25	15	40	2	3	0.3	9	5	14	2
178	30	15	30	2	2	0.3	9	11	14	2
178	25	15	20	1.5	2	0.8	7	5	14	2
178	25	15	20	1.5	4	0.8	9	11	10	2
178	25	15	20	2	4	0.5	7	5	11	2
178	30	10	30	2	3	0.5	7	7	11	2
178	25	15	30	2	3	0.3	7	11	11	2
178	30	10	20	1.5	3	0.3	9	7	14	2
178	15	10	20	2	4	0.5	7	11	11	2
178	25	20	20	2	3	0.8	7	7	10	2
179	30	15	30	2	3	0.8	9	7	10	2
179	30	20	30	2.5	3	0.3	9	7	14	2
179	15	15	30	2	4	0.5	9	5	11	2
179	25	15	30	2	4	0.5	7	7	10	2
179	25	10	30	2	3	0.3	9	7	11	2
179	30	15	30	2	4	0.5	7	7	14	2
179	15	15	40	1.5	2	0.5	7	11	11	1
179	15	15	40	1.5	4	0.5	9	7	10	1
179	15	15	20	2	3	0.5	9	5	14	2
179	25	10	30	2.5	3	0.5	7	11	11	2
180	25	20	40	1.5	3	0.3	9	7	11	2
180	25	15	30	2	2	0.5	9	7	11	2
180	15	15	30	1.5	4	0.5	9	7	11	2
180	25	15	20	2	2	0.5	9	7	11	2
180	25	20	40	1.5	3	0.8	12	5	11	2
180	25	15	30	2	3	0.3	7	5	11	2
180	25	15	20	2	3	0.5	9	5	11	2
180	15	20	20	2	3	0.3	9	11	14	1
180	30	20	30	2	3	0.5	9	5	10	2
180	25	20	20	2	2	0.5	12	11	11	2
181	25	10	30	2.5	3	0.8	9	5	11	2
181	30	15	30	2	2	0.5	9	7	14	2
181	15	15	30	2	4	0.3	12	11	10	2
181	15	10	20	1.5	3	0.8	9	11	14	1
181	25	15	20	2.5	2	0.3	9	11	14	2
181	25	15	20	1.5	4	0.5	12	11	10	2
181	25	10	20	2.5	4	0.3	9	7	11	2
181	25	15	20	2.5	3	0.5	9	7	11	2
181	30	10	20	2	3	0.3	12	11	11	2
181	25	10	20	2	3	0.5	12	11	10	2
182	30	15	20	2.5	2	0.5	9	7	11	2
182	25	10	20	2.5	4	0.5	12	5	11	2
182	30	20	40	1.5	2	0.5	9	7	11	2
182	25	20	30	1.5	4	0.5	9	7	11	2
182	25	20	30	2	4	0.3	9	11	14	2
182	25	15	40	2.5	3	0.3	12	7	14	2
182	15	20	40	2	2	0.3	9	7	11	1
182	25	10	40	2.5	4	0.5	9	5	10	2
182	15	15	20	1.5	3	0.3	9	7	14	2
182	15	20	20	2	3	0.5	12	7	11	1
183	15	15	30	2.5	3	0.5	12	11	14	2
183	25	10	40	1.5	2	0.3	12	7	14	2
183	25	15	30	2	2	0.5	12	5	11	2
183	30	20	30	2.5	3	0.8	9	5	11	2
183	15	10	40	2	3	0.5	12	5	10	2
183	15	15	40	2.5	3	0.3	9	7	11	2
183	15	15	20	2	3	0.5	7	5	11	2
183	30	15	20	2.5	4	0.5	9	7	10	2
183	25	15	30	1.5	3	0.5	12	11	11	2
183	25	15	30	2	3	0.5	12	11	10	2
184	25	20	40	1.5	2	0.3	12	7	10	2
184	15	20	20	2.5	3	0.3	7	7	10	1
184	15	15	40	1.5	2	0.5	9	11	11	1
184	25	20	20	1.5	2	0.3	7	7	10	2
184	30	15	30	1.5	4	0.3	9	7	11	2
184	25	20	30	1.5	4	0.8	7	5	10	2
184	15	15	40	2	3	0.8	12	7	14	2
184	30	15	30	1.5	4	0.5	12	5	11	2
184	25	15	20	2	3	0.3	9	11	11	3
184	25	15	30	1.5	4	0.5	7	5	11	2
185	25	20	20	2	3	0.5	12	11	14	2
185	15	15	40	2	2	0.8	12	7	14	2
185	30	20	20	1.5	3	0.3	7	5	11	2
185	25	10	30	2.5	3	0.5	12	7	11	2
185	30	20	40	2	3	0.5	7	11	11	2
185	25	10	20	2	2	0.5	7	7	11	2
185	15	15	40	1.5	4	0.5	9	5	11	2
185	25	10	30	1.5	3	0.8	9	5	11	2
185	30	10	30	1.5	4	0.5	7	7	11	2
185	30	10	30	1.5	2	0.3	7	11	11	2
186	25	15	30	2.5	3	0.8	7	7	10	2
186	25	15	20	1.5	3	0.5	7	5	11	2
186	30	15	30	2	3	0.3	7	7	14	2
186	25	20	30	1.5	4	0.5	12	7	14	2
186	25	20	40	2	2	0.8	9	7	11	2
186	15	10	40	2	2	0.5	7	5	11	2
186	25	15	20	2	2	0.3	9	7	11	2
186	25	20	20	2	3	0.5	12	11	10	3
186	25	20	30	2	3	0.3	9	7	11	2
186	25	10	40	1.5	2	0.8	9	11	11	2
187	25	20	30	1.5	3	0.3	12	7	10	2
187	15	10	30	2.5	3	0.3	9	5	10	2
187	25	15	30	1.5	3	0.3	9	11	10	2
187	30	15	40	2.5	3	0.5	12	7	11	2
187	25	10	40	2	4	0.5	7	7	11	2
187	25	20	30	2	3	0.5	9	7	10	2
187	15	20	40	1.5	3	0.5	12	7	11	2
187	15	15	30	2	4	0.5	7	7	10	1
187	30	15	30	1.5	3	0.3	12	7	14	2
187	25	15	40	1.5	3	0.5	9	5	14	2
188	25	15	30	1.5	2	0.5	9	7	14	2
188	15	10	30	2	3	0.5	12	7	11	2
188	25	10	40	2	2	0.3	9	5	11	2
188	25	15	30	1.5	3	0.3	7	5	11	2
188	15	20	20	2	3	0.8	9	5	14	2
188	25	15	40	2	2	0.5	9	11	11	2
188	30	15	30	2	2	0.5	9	7	11	2
188	15	15	30	2	2	0.8	9	5	10	2
188	15	20	30	2	3	0.5	9	7	14	2
188	25	15	40	1.5	3	0.3	9	7	10	2
189	15	10	40	1.5	3	0.5	9	7	14	2
189	25	15	30	1.5	2	0.5	9	11	14	2
189	15	15	30	1.5	3	0.3	12	7	10	2
189	30	10	30	1.5	3	0.5	9	7	11	2
189	25	15	30	1.5	3	0.3	7	7	10	2
189	30	15	20	1.5	3	0.5	9	7	14	2
189	15	10	40	2	3	0.5	9	7	14	2
189	30	15	30	2.5	4	0.5	9	7	11	2
189	25	15	20	2	4	0.3	7	7	14	2
189	15	15	40	2	3	0.5	9	5	10	2
190	25	20	20	2	2	0.5	7	11	10	3
190	25	10	40	2	3	0.5	9	7	10	2
190	30	15	40	2	4	0.3	7	7	11	2
190	15	15	20	1.5	3	0.3	12	7	10	2
190	25	15	20	2	3	0.3	12	5	11	2
190	15	15	30	2	2	0.8	7	7	11	1
190	25	20	30	2.5	2	0.8	7	5	10	2
190	15	15	30	2.5	4	0.5	7	7	10	1
190	30	10	20	2.5	3	0.8	7	5	11	2
190	25	10	40	2	3	0.8	9	5	10	2
191	25	15	30	1.5	4	0.5	9	11	14	2
191	15	15	30	1.5	4	0.5	9	7	11	2
191	15	10	40	2	3	0.8	9	5	11	2
191	30	20	30	2	3	0.5	9	5	11	2
191	25	10	30	2.5	2	0.8	9	11	11	2
191	15	20	30	2.5	2	0.5	9	11	11	1
191	25	20	30	2.5	3	0.3	9	11	10	2
191	25	15	30	2.5	4	0.5	9	7	11	2
191	30	10	30	2	2	0.5	12	11	11	2
191	30	15	30	2.5	3	0.5	7	11	10	2
192	25	15	20	1.5	4	0.8	9	7	10	2
192	15	10	40	2	3	0.8	9	11	14	1
192	25	20	30	2	4	0.5	9	7	11	2
192	15	15	30	2	3	0.3	9	7	11	2
192	25	10	30	2.5	4	0.8	9	11	11	2
192	30	15	40	2	3	0.5	12	11	11	2
192	30	15	20	2.5	3	0.5	7	7	11	2
192	15	15	20	2	3	0.8	9	7	14	2
192	15	15	30	2	3	0.8	7	5	11	2
192	25	20	20	1.5	2	0.8	12	7	11	2
193	15	10	20	2	4	0.3	9	11	11	2
193	30	20	20	2	2	0.8	7	11	11	2
193	15	15	30	2	3	0.5	9	5	10	2
193	25	15	40	1.5	2	0.5	12	5	11	2
193	15	15	30	1.5	3	0.5	9	11	14	1
193	25	20	30	1.5	3	0.5	7	5	10	2
193	25	15	20	2.5	3	0.3	12	5	14	2
193	30	10	20	2	2	0.5	9	7	10	2
193	15	20	30	2	2	0.5	7	11	11	1
193	25	15	40	1.5	2	0.3	7	5	10	2
194	25	20	30	1.5	2	0.5	9	11	11	2
194	15	10	20	2	3	0.5	7	7	11	2
194	15	15	30	2	2	0.8	9	11	10	1
194	15	15	40	2	3	0.5	7	7	11	1
194	25	15	40	1.5	3	0.5	9	11	11	2
194	25	15	40	2	2	0.3	12	7	10	2
194	25	20	30	2	3	0.5	9	5	10	2
194	15	15	40	2	3	0.3	9	5	14	2
194	25	20	30	2.5	4	0.8	9	7	11	2
194	25	20	20	2	4	0.5	12	7	14	2
195	30	15	30	1.5	3	0.5	9	7	11	2
195	30	15	30	2	2	0.8	9	7	11	2
195	25	15	30	1.5	4	0.5	9	7	11	2
195	25	15	30	2	4	0.8	7	11	11	1
195	25	20	20	2	3	0.3	9	11	10	3
195	30	20	40	2	3	0.8	7	11	11	2
195	25	15	30	1.5	3	0.8	7	5	11	2
195	15	15	30	1.5	3	0.5	9	5	14	2
195	25	15	30	2	3	0.8	9	5	14	2
195	15	10	30	2.5	4	0.8	12	7	10	2
196	30	10	30	2	2	0.5	9	7	14	2
196	15	15	30	2.5	4	0.8	9	7	11	1
196	30	10	30	2	4	0.3	9	7	10	2
196	25	15	30	2	4	0.8	9	7	10	2
196	25	20	40	2	3	0.8	7	7	10	2
196	30	10	30	2	2	0.8	9	5	10	2
196	30	20	30	2.5	3	0.3	7	7	11	2
196	15	15	40	2	3	0.3	9	7	11	2
196	30	10	20	2	4	0.5	9	7	14	2
196	25	20	30	2	3	0.5	12	7	11	2
197	25	20	30	2	3	0.5	9	5	14	2
197	15	15	30	2.5	3	0.5	9	7	11	2
197	30	20	40	2	4	0.3	12	5	11	2
197	30	15	30	2	4	0.3	9	11	10	2
197	15	15	20	2	3	0.3	9	11	11	1
197	25	10	40	2	3	0.3	7	7	11	2
197	15	20	30	2	3	0.3	9	7	11	2
197	30	15	30	2.5	3	0.5	7	7	14	2
197	30	15	20	2	3	0.5	7	7	11	2
197	25	15	30	2	2	0.5	9	5	11	2
198	30	15	20	2	2	0.3	7	7	10	2
198	25	15	30	2.5	4	0.5	9	11	14	2
198	30	10	40	2	2	0.3	9	5	11	2
198	25	10	20	2	2	0.8	9	7	11	2
198	15	15	30	2	3	0.8	7	11	11	1
198	30	15	40	2	3	0.5	7	7	14	2
198	25	15	40	2	3	0.5	12	11	11	2
198	25	15	20	2.5	3	0.3	12	5	14	2
198	25	15	30	2.5	2	0.3	7	5	11	2
198	30	20	20	2	2	0.5	9	11	10	3
199	30	15	40	2	4	0.5	12	5	14	2
199	30	20	40	2.5	4	0.5	9	5	11	2
199	30	15	30	2	4	0.3	12	7	14	2
199	30	20	30	2.5	3	0.5	7	7	11	2
199	25	15	40	2	4	0.5	7	7	11	2
199	25	15	30	2	3	0.5	9	11	14	2
199	15	15	30	2	4	0.5	9	7	11	2
199	15	10	30	1.5	3	0.3	9	11	11	1
199	25	15	30	2	3	0.3	9	5	14	2
199	15	10	40	2	2	0.5	12	11	10	2
200	25	20	20	2	3	0.5	7	5	11	2
200	30	15	20	2	3	0.5	7	5	14	2
200	30	15	30	1.5	3	0.5	12	7	11	2
200	15	20	30	2	3	0.8	12	11	11	1
200	25	15	20	1.5	3	0.5	9	5	11	2
200	25	15	20	2	3	0.3	7	7	10	2
200	25	15	30	1.5	3	0.8	12	5	11	2
200	15	20	20	2	4	0.8	9	5	11	1
200	25	20	30	2	3	0.5	7	7	10	2
200	30	15	40	2.5	3	0.5	12	11	10	2
201	15	10	20	2.5	3	0.5	12	7	11	2
201	15	20	30	1.5	3	0.8	12	5	11	2
201	25	15	30	2	4	0.5	9	7	11	2
201	25	20	20	2	4	0.8	9	11	10	3
201	25	20	30	2	2	0.5	12	7	11	2
201	25	15	20	2.5	3	0.5	9	5	11	2
201	25	10	30	1.5	3	0.5	9	11	14	2
201	25	10	30	2	3	0.5	12	7	11	2
201	25	15	40	2	4	0.3	9	7	11	2
201	30	15	20	1.5	4	0.5	9	11	11	2
202	30	15	40	2	2	0.3	7	7	11	2
202	25	15	40	2	3	0.5	7	7	11	2
202	15	10	20	1.5	3	0.5	12	5	11	2
202	15	10	20	2.5	2	0.5	12	7	14	2
202	15	20	30	1.5	3	0.3	9	7	11	2
202	15	15	30	2.5	2	0.5	7	5	11	1
202	25	20	20	2	3	0.3	9	7	11	2
202	30	15	30	2.5	3	0.5	12	11	14	2
202	25	15	40	2.5	4	0.5	7	5	14	2
202	25	15	40	2	4	0.5	12	7	11	2
203	15	20	20	1.5	3	0.3	9	5	10	2
203	25	10	40	1.5	4	0.5	9	7	11	2
203	25	20	40	2.5	4	0.5	7	7	11	2
203	15	15	30	2	4	0.8	9	7	10	1
203	25	20	30	2	3	0.3	9	7	10	2
203	30	20	20	1.5	4	0.3	7	7	14	2
203	25	15	30	2.5	3	0.3	9	7	10	2
203	25	10	30	1.5	3	0.5	12	7	10	2
203	15	10	30	1.5	2	0.8	9	7	11	2
203	15	20	30	2	2	0.8	12	5	10	2
204	15	15	30	2	3	0.5	12	11	11	2
204	25	15	40	2.5	3	0.5	7	7	10	2
204	30	15	20	2.5	4	0.3	7	7	11	2
204	25	10	30	1.5	3	0.8	12	7	10	2
204	25	15	30	2.5	2	0.8	12	11	11	2
204	30	20	20	2	4	0.8	9	7	14	2
204	15	20	40	2.5	2	0.3	12	7	11	2
204	15	20	40	2	3	0.8	12	7	14	1
204	15	20	30	1.5	3	0.8	9	11	10	1
204	30	15	40	2	2	0.5	9	11	10	2
205	30	15	30	2	4	0.8	9	5	10	2
205	30	20	30	1.5	4	0.5	9	7	11	2
205	30	15	40	2	3	0.5	9	5	11	2
205	30	10	30	2.5	4	0.5	12	11	11	2
205	15	10	20	2	2	0.3	9	5	14	2
205	30	15	30	1.5	3	0.3	9	5	10	2
205	25	15	40	2	2	0.8	12	7	11	2
205	25	15	20	2.5	2	0.3	7	11	14	1
205	25	15	30	1.5	2	0.8	12	7	11	2
205	30	15	30	1.5	4	0.8	7	11	11	2
206	15	10	40	2	4	0.3	12	7	11	2
206	25	15	20	1.5	3	0.5	9	7	10	2
206	15	20	30	2.5	3	0.3	7	11	11	1
206	25	10	40	2	3	0.3	9	7	10	2
206	25	10	30	2.5	4	0.8	9	7	11	2
206	25	10	40	2	3	0.5	9	5	11	2
206	25	15	30	2.5	4	0.8	12	5	10	2
206	15	15	30	2	3	0.5	12	11	11	1
206	25	15	40	2	2	0.3	12	7	10	2
206	25	10	30	2.5	3	0.5	9	11	11	2
207	25	20	40	2	3	0.3	9	7	11	2
207	15	20	40	2	4	0.5	12	11	10	1
207	30	15	30	2	3	0.3	9	5	14	2
207	30	20	40	2	4	0.5	9	7	11	2
207	30	15	20	2.5	3	0.8	7	7	10	2
207	30	15	30	2	3	0.5	9	5	11	2
207	30	20	30	1.5	3	0.8	9	7	11	2
207	30	15	20	2	2	0.5	7	11	11	2
207	15	15	40	2	3	0.3	7	7	10	2
207	25	15	30	2	4	0.8	7	5	14	2
208	30	15	30	2.5	4	0.5	12	7	11	2
208	30	15	40	2.5	4	0.8	7	7	14	2
208	15	10	30	2.5	3	0.5	7	7	10	2
208	15	20	30	2	2	0.5	7	7	14	1
208	15	15	30	2.5	4	0.8	7	11	11	1
208	25	15	20	2	3	0.8	12	11	11	2
208	25	20	30	1.5	3	0.5	9	7	11	2
208	15	15	30	1.5	3	0.5	9	7	11	2
208	25	15	30	2.5	3	0.3	7	5	14	2
208	30	15	40	2	2	0.5	9	7	11	2
209	25	10	30	2	3	0.8	9	7	14	2
209	30	15	30	2	3	0.3	7	7	11	2
209	15	20	40	2	2	0.3	7	5	11	1
209	25	15	30	1.5	4	0.5	9	5	11	2
209	25	10	20	2	3	0.5	7	7	10	2
209	25	10	40	2.5	4	0.5	9	5	10	2
209	25	15	30	2.5	3	0.8	9	7	11	2
209	25	15	30	2	4	0.3	9	11	14	2
209	30	15	20	2	3	0.5	7	11	14	2
209	30	15	20	1.5	2	0.5	12	5	10	2
210	25	10	30	2.5	3	0.5	12	11	11	2
210	15	20	40	2.5	3	0.5	9	7	11	1
210	30	20	20	2	2	0.8	7	11	10	3
210	30	15	30	2	3	0.8	9	7	11	2
210	30	20	30	1.5	3	0.3	9	5	10	2
210	15	20	30	2	3	0.3	7	11	11	1
210	30	10	30	2	2	0.5	9	7	11	2
210	25	15	30	2	3	0.3	9	7	11	2
210	25	15	20	1.5	3	0.3	9	11	11	2
210	15	15	40	2	4	0.8	12	11	10	1
211	25	20	20	1.5	3	0.8	9	11	10	3
211	15	10	20	2.5	3	0.3	9	7	11	2
211	30	10	20	2	3	0.5	12	7	11	2
211	30	10	20	2	3	0.5	9	5	10	2
211	30	15	40	1.5	2	0.5	9	7	10	2
211	30	15	30	2.5	4	0.5	7	11	10	2
211	25	15	30	2	3	0.8	9	5	14	2
211	25	15	30	2	2	0.5	7	11	11	2
211	25	15	30	2.5	4	0.3	7	5	11	2
211	25	20	40	2	2	0.3	9	11	10	2
212	25	20	30	2	2	0.5	12	11	11	2
212	25	20	30	1.5	3	0.5	9	7	11	1
212	25	10	40	2	3	0.8	7	11	10	2
212	25	15	30	2	4	0.3	12	7	11	2
212	25	10	20	2.5	2	0.5	7	5	14	2
212	25	20	40	2	3	0.3	7	5	14	2
212	25	15	40	2	2	0.5	9	7	11	2
212	25	20	20	2	3	0.8	9	7	14	2
212	25	10	40	2.5	4	0.5	12	5	10	2
212	30	10	20	2	3	0.3	9	5	11	2
213	15	15	20	1.5	3	0.8	12	11	11	2
213	30	20	30	2	2	0.5	9	7	10	2
213	15	10	30	2	3	0.5	7	5	14	2
213	25	15	20	1.5	2	0.3	9	11	11	2
213	25	10	30	2	3	0.5	12	5	11	2
213	25	15	30	2	4	0.5	9	7	11	2
213	25	20	30	1.5	4	0.8	12	5	11	2
213	25	20	30	2	2	0.5	9	5	11	2
213	25	15	30	2	3	0.5	7	5	11	2
213	30	15	40	2	4	0.5	7	7	11	2
214	25	15	30	2.5	2	0.5	9	7	11	2
214	25	20	40	2	3	0.5	7	7	11	2
214	25	10	30	1.5	2	0.5	12	7	11	2
214	25	20	20	2.5	4	0.3	7	5	11	2
214	30	20	20	2	2	0.5	9	7	11	2
214	30	15	30	2.5	2	0.8	12	11	10	2
214	25	20	20	2	2	0.5	9	7	11	2
214	30	10	40	2	2	0.3	9	11	10	2
214	25	10	30	2.5	3	0.3	9	7	10	2
214	30	15	40	2	3	0.5	7	7	11	2
215	25	10	30	2	3	0.5	9	11	11	2
215	25	10	30	2	2	0.5	9	11	11	2
215	15	15	20	2	3	0.5	7	5	10	2
215	25	10	40	2	2	0.3	12	7	11	2
215	30	20	40	2	2	0.8	12	5	11	2
215	15	10	20	2	3	0.8	9	11	11	2
215	25	15	40	2.5	4	0.5	7	5	11	2
215	25	15	30	2.5	4	0.8	7	7	14	2
215	30	20	30	2	4	0.3	12	11	10	2
215	25	20	40	2	4	0.5	9	5	10	2
216	25	20	30	2	3	0.5	9	7	11	2
216	25	20	30	2	4	0.5	12	11	11	2
216	30	15	40	2	2	0.5	12	7	10	2
216	25	15	20	2.5	2	0.8	7	5	10	2
216	15	15	30	2.5	3	0.8	7	7	14	2
216	25	10	40	1.5	3	0.8	12	5	10	2
216	25	15	30	1.5	2	0.5	9	11	11	2
216	15	10	30	2	4	0.8	9	7	11	2
216	25	15	20	2	4	0.8	12	7	10	2
216	25	20	30	1.5	3	0.8	12	11	10	2
217	15	15	30	1.5	3	0.8	12	11	11	2
217	15	15	20	2.5	4	0.8	9	7	11	2
217	25	20	40	2	3	0.8	9	11	11	2
217	30	20	30	2	3	0.8	7	11	11	2
217	25	15	30	2.5	3	0.3	9	11	10	2
217	25	15	40	2	2	0.5	9	5	11	2
217	15	15	30	2	3	0.3	12	7	10	2
217	25	15	30	2.5	4	0.8	9	11	11	2
217	25	20	40	2	2	0.5	9	7	14	2
217	15	10	30	2.5	2	0.5	9	11	11	2
218	30	15	30	2	3	0.3	12	11	14	2
218	15	10	20	2.5	3	0.8	9	5	11	2
218	30	10	30	2.5	2	0.3	12	7	11	2
218	15	15	20	1.5	4	0.3	12	7	10	2
218	30	10	20	2.5	3	0.5	7	7	11	2
218	15	15	30	2	3	0.5	9	7	10	1
218	25	10	20	2	3	0.3	9	7	10	2
218	25	10	20	2.5	3	0.5	12	5	11	2
218	15	10	20	1.5	4	0.8	7	11	14	2
218	15	20	20	2	3	0.3	9	7	11	1
219	25	10	30	2.5	2	0.3	9	7	11	2
219	25	20	20	1.5	3	0.5	12	7	10	2
219	15	10	30	2	4	0.5	9	11	10	2
219	25	15	30	1.5	3	0.5	12	5	11	2
219	30	15	20	2	3	0.5	9	11	11	2
219	30	20	30	2	2	0.8	9	11	11	2
219	25	20	20	2	2	0.5	9	11	14	2
219	25	15	20	1.5	3	0.5	9	7	10	2
219	30	15	20	1.5	2	0.3	9	7	11	2
219	30	10	30	2.5	3	0.8	9	11	10	2
220	30	15	30	1.5	4	0.8	9	7	10	2
220	25	15	40	2	4	0.5	9	7	10	2
220	25	15	40	2.5	3	0.3	9	11	11	2
220	25	20	30	2	3	0.5	12	7	11	2
220	25	20	20	2	2	0.8	12	7	11	2
220	25	15	30	2.5	3	0.5	9	7	11	2
220	25	10	40	2	2	0.8	12	7	10	2
220	15	20	30	1.5	4	0.5	9	5	10	1
220	30	20	30	2.5	4	0.5	12	11	11	2
220	25	10	40	2	3	0.3	12	7	11	2
221	25	20	30	2	3	0.8	12	11	14	2
221	15	20	20	1.5	4	0.8	9	7	14	1
221	30	15	30	2.5	3	0.3	7	11	14	2
221	25	10	20	2	3	0.5	9	5	11	2
221	15	15	20	2.5	4	0.5	9	7	14	2
221	15	10	30	2	4	0.5	12	7	11	2
221	25	15	40	2.5	3	0.5	9	7	14	2
221	25	15	40	2	3	0.5	12	7	14	2
221	25	10	20	2	3	0.3	9	5	11	2
221	25	15	30	2.5	4	0.5	12	7	11	2
222	25	20	20	2	4	0.8	12	7	14	2
222	30	15	30	2	2	0.3	9	7	10	2
222	25	15	30	2	3	0.5	7	11	11	2
222	30	10	30	1.5	3	0.3	9	7	11	2
222	25	10	30	1.5	4	0.8	12	11	10	2
222	25	15	30	2.5	3	0.3	7	5	10	2
222	30	10	30	2.5	3	0.5	7	7	11	2
222	25	20	20	2.5	3	0.8	9	5	11	2
222	25	15	40	2.5	3	0.5	7	5	11	2
222	25	15	40	1.5	4	0.3	12	5	11	2
223	30	15	30	2	3	0.5	9	5	11	2
223	25	20	40	2	4	0.5	12	11	11	2
223	25	10	20	1.5	2	0.5	7	7	10	2
223	25	15	30	2	3	0.5	9	7	11	2
223	25	15	40	1.5	3	0.8	12	7	11	2
223	30	10	30	2	4	0.5	7	7	10	2
223	25	10	20	2	4	0.8	9	5	10	2
223	25	10	30	2	4	0.3	9	7	11	2
223	25	20	30	2.5	4	0.8	7	7	11	2
223	15	15	20	2.5	3	0.3	9	11	10	1
224	25	10	30	1.5	3	0.5	12	5	14	2
224	15	20	40	2	2	0.5	7	11	11	1
224	25	15	30	2	3	0.5	9	5	11	2
224	15	15	30	2	3	0.5	12	7	11	2
224	25	15	30	1.5	3	0.3	7	11	11	2
224	25	15	30	2	3	0.3	12	7	10	2
224	25	15	20	2	4	0.5	7	7	10	2
224	25	15	20	2	2	0.5	9	11	11	2
224	25	15	40	2.5	3	0.3	12	7	11	2
224	25	20	30	2	2	0.8	7	11	11	1
225	30	15	30	1.5	3	0.3	7	7	10	2
225	25	20	20	2.5	2	0.3	12	7	10	2
225	15	15	40	2	3	0.5	9	11	10	1
225	30	20	30	2	3	0.5	7	7	10	2
225	30	15	30	2	3	0.3	12	5	11	2
225	15	15	40	1.5	3	0.5	12	7	10	2
225	25	15	30	2	3	0.5	12	5	11	2
225	25	15	30	2.5	4	0.5	12	5	10	2
225	30	15	30	2.5	2	0.5	12	5	11	2
225	25	15	40	2.5	2	0.8	7	7	10	2
226	30	10	40	2	3	0.5	9	11	11	2
226	30	15	20	2	3	0.5	7	7	10	2
226	25	20	30	2	2	0.5	7	7	10	2
226	15	15	20	2	3	0.3	9	11	14	1
226	25	15	20	2	3	0.3	9	7	11	2
226	25	15	20	2	3	0.3	12	7	10	2
226	15	15	40	2.5	4	0.5	9	7	10	2
226	30	20	30	2	3	0.5	7	7	11	2
226	25	15	20	2	4	0.3	9	7	14	2
226	25	15	40	2.5	4	0.3	7	5	14	2
227	30	15	20	2	2	0.3	9	7	11	2
227	25	20	40	2.5	2	0.3	7	7	14	2
227	30	20	30	2	4	0.8	12	11	11	2
227	15	20	40	2	3	0.3	12	7	11	1
227	30	15	20	1.5	3	0.3	9	11	11	2
227	30	15	30	2.5	4	0.3	9	7	10	2
227	30	15	40	2	4	0.5	9	5	11	2
227	25	15	20	2	3	0.8	9	11	14	2
227	15	15	30	2	3	0.3	9	7	14	2
227	25	15	40	1.5	3	0.5	9	7	11	2
228	25	10	30	2.5	3	0.3	12	7	14	2
228	25	20	30	1.5	2	0.3	9	7	11	2
228	30	20	30	2	2	0.5	7	7	11	2
228	25	15	20	1.5	4	0.8	12	5	11	2
228	25	15	30	2	4	0.5	9	11	11	2
228	25	15	30	2	3	0.3	12	7	14	2
228	25	15	20	2	2	0.5	9	7	11	2
228	25	10	40	2	4	0.5	7	7	11	2
228	30	15	30	2	3	0.5	7	5	10	2
228	30	20	40	1.5	4	0.5	7	7	11	2
229	25	15	40	1.5	3	0.8	12	7	11	2
229	15	15	40	1.5	4	0.5	12	7	14	2
229	30	10	40	1.5	2	0.5	12	7	14	2
229	25	10	30	2	3	0.5	9	7	10	2
229	25	15	20	2	2	0.5	9	11	11	2
229	30	10	20	1.5	3	0.8	7	11	14	2
229	15	10	30	2	3	0.5	7	7	11	2
229	25	15	30	2	2	0.5	9	11	10	2
229	25	15	40	2	4	0.8	12	11	11	2
229	15	15	30	2.5	3	0.8	12	5	10	2
230	25	15	20	2.5	2	0.3	9	7	14	2
230	25	20	30	2.5	2	0.5	7	5	14	2
230	30	15	30	1.5	3	0.5	12	7	11	2
230	15	10	40	1.5	2	0.5	7	7	11	2
230	25	15	20	2.5	4	0.8	9	5	10	2
230	30	10	20	2	3	0.3	12	11	11	2
230	25	15	40	2	2	0.8	12	11	14	2
230	25	15	30	2.5	3	0.5	9	11	11	2
230	15	10	40	2	4	0.5	7	7	11	2
230	30	15	20	2.5	3	0.5	7	5	11	2
231	25	20	40	2	3	0.8	12	11	11	2
231	25	10	30	2	3	0.5	7	5	10	2
231	30	20	20	1.5	4	0.5	12	11	11	3
231	30	15	40	2.5	4	0.5	9	5	14	2
231	15	20	40	2	3	0.8	9	11	14	1
231	30	15	20	2	4	0.3	9	7	11	2
231	15	15	40	2.5	4	0.3	7	7	11	2
231	15	15	40	1.5	4	0.5	12	7	11	2
231	30	15	30	2	3	0.5	9	7	10	2
231	25	10	20	2	3	0.8	12	7	10	2
232	15	15	30	2.5	2	0.3	9	7	11	2
232	15	15	30	2	3	0.5	12	5	14	2
232	25	15	30	1.5	3	0.3	9	7	10	2
232	30	15	40	2.5	2	0.5	9	11	10	2
232	25	15	20	2	3	0.5	12	11	14	2
232	25	15	30	2.5	3	0.5	7	7	14	2
232	25	10	30	2.5	2	0.8	9	7	14	2
232	25	15	30	2	3	0.3	9	7	10	2
232	15	15	40	1.5	2	0.5	9	11	11	2
232	25	10	20	1.5	2	0.3	7	7	14	2
233	25	20	20	2	4	0.5	9	7	14	2
233	25	10	20	1.5	2	0.5	12	7	10	2
233	30	10	40	1.5	4	0.8	7	7	10	2
233	25	10	40	1.5	4	0.5	9	7	14	2
233	30	10	30	2	3	0.5	12	7	14	2
233	15	15	30	2.5	4	0.8	7	11	11	1
233	25	10	20	2.5	3	0.3	7	7	11	2
233	25	20	30	2.5	3	0.5	7	11	11	1
233	25	10	30	2	3	0.3	7	7	11	2
233	25	15	40	2.5	3	0.3	9	11	10	2
234	25	10	20	2	2	0.5	7	11	11	2
234	25	20	20	1.5	2	0.3	9	5	11	2
234	30	15	30	2	3	0.5	7	7	14	2
234	25	15	40	2.5	3	0.5	7	7	11	2
234	25	10	20	1.5	2	0.8	9	5	14	2
234	30	10	40	2	2	0.8	9	5	11	2
234	15	10	30	1.5	2	0.5	7	7	10	2
234	30	15	20	2	4	0.5	7	7	10	2
234	25	15	30	2	4	0.5	9	7	11	2
234	15	20	40	2	4	0.5	7	11	11	1
235	30	10	40	1.5	3	0.8	7	5	10	2
235	25	15	20	2.5	3	0.3	9	11	11	2
235	15	15	40	2	3	0.5	9	7	11	2
235	25	10	30	2	3	0.8	12	11	11	2
235	25	10	40	1.5	2	0.5	9	7	14	2
235	25	15	20	2	2	0.5	9	5	11	2
235	30	15	30	1.5	3	0.8	7	7	11	2
235	25	20	40	2	2	0.5	9	5	14	2
235	25	10	30	2.5	3	0.5	9	7	11	2
235	25	20	40	2	3	0.5	7	11	14	1
236	15	10	30	2	3	0.3	12	11	11	2
236	30	15	30	2.5	3	0.5	9	11	14	2
236	25	15	30	2.5	2	0.5	7	11	10	2
236	25	15	30	1.5	2	0.5	9	7	11	2
236	25	15	30	2	3	0.5	9	7	10	2
236	30	15	20	2.5	3	0.8	12	5	10	2
236	25	20	20	2.5	3	0.3	9	5	11	2
236	15	15	40	2	4	0.5	9	5	10	2
236	25	15	30	2	2	0.5	9	7	10	2
236	30	10	40	2.5	4	0.5	12	7	10	2
237	30	10	20	1.5	2	0.8	12	7	11	2
237	25	15	20	2.5	2	0.5	7	7	14	2
237	30	20	40	2	3	0.5	9	11	11	2
237	25	15	20	2	3	0.8	7	7	11	2
237	15	20	40	1.5	3	0.8	9	11	11	1
237	25	15	30	2.5	2	0.3	9	7	11	2
237	25	10	30	1.5	4	0.3	9	11	14	2
237	25	15	20	2.5	3	0.5	9	7	11	2
237	25	20	30	2	3	0.5	9	11	10	2
237	15	15	20	2	3	0.5	9	7	11	2
238	25	20	30	2	3	0.5	7	5	11	2
238	15	20	20	2	2	0.8	9	11	14	1
238	25	10	30	2.5	2	0.5	7	5	11	2
238	25	10	30	2.5	3	0.8	9	5	11	2
238	15	20	20	2.5	3	0.8	9	11	11	1
238	30	15	30	1.5	2	0.3	9	7	14	2
238	25	10	30	2	4	0.5	12	7	11	2
238	25	10	20	2	3	0.8	12	11	11	2
238	25	15	30	2.5	2	0.8	12	7	10	2
238	25	10	20	2	2	0.3	9	5	14	2
239	25	15	20	2	3	0.5	12	5	11	2
239	25	20	30	2	2	0.3	9	5	11	2
239	25	15	40	1.5	2	0.3	7	11	11	2
239	15	15	30	2	3	0.8	7	7	14	1
239	30	20	30	2	4	0.5	9	5	14	2
239	30	15	40	2	3	0.8	9	5	14	2
239	25	15	30	2	3	0.5	9	7	10	2
239	15	10	30	2	4	0.5	9	7	14	2
239	25	20	20	2	3	0.8	12	7	10	2
239	15	10	30	2	3	0.5	9	5	11	2
240	30	20	40	1.5	3	0.5	12	7	11	2
240	15	15	30	2	3	0.5	9	7	11	1
240	30	15	30	2	3	0.8	7	5	11	2
240	15	10	40	2	3	0.5	9	7	11	2
240	25	20	30	2.5	3	0.3	12	7	11	2
240	30	15	40	2	3	0.8	12	7	11	2
240	25	10	20	2	4	0.5	12	7	14	2
240	30	20	40	2.5	2	0.3	9	11	11	2
240	15	20	20	2.5	3	0.5	12	7	10	3
240	25	15	40	2	4	0.5	12	7	10	2
241	30	15	40	2	4	0.8	7	11	11	2
241	30	15	20	2	4	0.5	9	7	11	2
241	15	20	20	1.5	3	0.5	7	5	11	1
241	30	10	40	2.5	3	0.5	7	5	14	2
241	25	15	40	1.5	3	0.5	12	7	11	2
241	30	15	30	2	4	0.5	9	5	14	2
241	15	20	40	1.5	3	0.8	9	11	11	1
241	15	20	20	1.5	2	0.8	9	7	11	1
241	25	20	30	1.5	3	0.5	7	11	10	2
241	30	15	30	1.5	3	0.3	9	5	14	2
242	15	10	40	1.5	4	0.8	9	11	11	2
242	25	15	20	2	3	0.5	9	5	11	2
242	15	15	30	1.5	3	0.5	9	7	11	2
242	25	15	40	2	3	0.3	9	7	11	2
242	25	15	40	2.5	2	0.8	9	7	10	2
242	15	20	30	2	2	0.8	9	7	10	1
242	30	15	30	1.5	3	0.5	12	5	11	2
242	15	15	30	2	2	0.5	12	7	14	2
242	25	15	40	2	3	0.3	12	7	14	2
242	30	15	40	2	3	0.8	7	11	11	2
243	15	15	30	1.5	3	0.3	12	11	10	2
243	15	20	30	1.5	3	0.5	12	11	14	1
243	30	10	20	1.5	2	0.8	12	7	14	2
243	25	15	40	2	3	0.5	7	5	14	2
243	25	20	30	2	3	0.5	12	7	11	2
243	15	20	30	2	2	0.8	12	11	10	1
243	25	15	40	2	3	0.5	7	11	11	2
243	25	15	40	2	4	0.8	9	7	10	2
243	15	10	40	1.5	3	0.5	12	7	10	2
243	25	15	30	2.5	2	0.5	9	5	14	2
244	25	15	30	2	3	0.5	7	7	11	2
244	25	15	40	1.5	3	0.5	9	7	11	2
244	15	15	30	1.5	2	0.5	9	11	11	1
244	30	15	40	2	3	0.5	9	5	14	2
244	30	20	30	1.5	3	0.5	12	7	10	2
244	25	20	30	1.5	3	0.5	9	11	14	1
244	25	15	40	2	2	0.8	12	5	11	2
244	30	15	20	2.5	3	0.5	9	7	11	2
244	25	15	30	2	3	0.5	12	11	10	2
244	25	20	20	1.5	3	0.5	7	5	10	2
245	30	20	20	1.5	2	0.5	7	11	10	3
245	25	20	20	2	2	0.8	9	5	10	2
245	15	10	40	2	2	0.3	7	5	14	2
245	25	10	30	2	2	0.5	7	7	10	2
245	15	20	30	2	2	0.3	12	11	14	1
245	15	15	20	2	3	0.5	9	5	10	2
245	25	10	30	1.5	3	0.8	7	5	14	2
245	30	20	20	1.5	2	0.5	9	7	11	2
245	30	10	20	1.5	4	0.3	12	7	10	2
245	25	15	20	2	3	0.5	9	5	11	2
246	15	20	30	1.5	2	0.5	9	7	10	1
246	30	15	30	2	4	0.3	9	7	14	2
246	15	10	30	2	2	0.8	9	7	14	2
246	30	10	20	2	4	0.3	12	7	10	2
246	30	15	30	1.5	4	0.8	9	7	11	2
246	30	20	40	2.5	3	0.3	7	7	14	2
246	25	20	40	1.5	4	0.5	9	11	14	2
246	30	10	30	1.5	3	0.3	7	7	14	2
246	25	20	20	1.5	3	0.8	7	5	10	2
246	15	20	40	2	2	0.5	9	7	10	1
247	15	10	40	2	3	0.5	9	11	10	2
247	30	20	30	1.5	3	0.3	9	11	14	2
247	25	20	20	1.5	3	0.5	7	5	14	2
247	25	20	20	2	2	0.8	9	11	11	1
247	30	20	30	2	3	0.8	9	7	11	2
247	15	20	30	2.5	3	0.3	9	5	14	1
247	25	15	30	1.5	3	0.5	7	7	10	2
247	30	15	30	2	4	0.8	9	5	10	2
247	25	20	30	2	2	0.5	9	5	11	2
247	30	15	30	1.5	2	0.3	7	7	14	2
248	15	15	40	2	3	0.8	12	7	11	2
248	30	15	30	2.5	2	0.3	7	7	10	2
248	25	10	30	2	3	0.5	9	11	14	2
248	25	20	30	1.5	2	0.3	12	7	11	2
248	25	15	30	1.5	3	0.3	12	7	10	2
248	25	15	30	1.5	3	0.8	9	7	14	2
248	30	15	30	2	3	0.8	9	11	14	2
248	25	10	40	2.5	3	0.5	12	7	10	2
248	25	20	40	2	3	0.5	12	11	10	2
248	25	15	30	2	2	0.8	9	5	14	2
249	30	15	20	1.5	3	0.5	9	7	10	2
249	30	20	30	2	3	0.5	9	7	11	2
249	25	15	40	1.5	3	0.8	9	7	11	2
249	25	15	30	1.5	3	0.3	9	7	11	2
249	30	10	20	2	3	0.3	12	11	14	2
249	25	15	20	2	2	0.5	7	5	10	2
249	25	15	40	2.5	3	0.3	7	7	14	2
249	25	20	30	2	3	0.3	9	11	11	1
249	15	20	30	1.5	3	0.5	9	11	10	1
249	25	10	30	2	3	0.5	9	7	11	2
250	30	15	20	2	3	0.8	12	7	11	2
250	25	20	30	2	2	0.8	9	5	14	2
250	15	10	40	2	2	0.5	12	7	14	2
250	25	20	40	1.5	3	0.3	9	11	11	2
250	30	15	20	2	3	0.5	7	11	10	3
250	15	15	20	2.5	3	0.8	12	11	10	1
250	25	15	30	1.5	2	0.5	9	7	10	2
250	25	10	30	2.5	4	0.3	7	5	11	2
250	30	15	30	2	3	0.8	12	5	14	2
250	25	20	30	2	2	0.3	12	11	10	2
251	25	15	30	1.5	2	0.5	12	7	11	2
251	30	10	30	2	4	0.5	9	7	10	2
251	15	15	40	2.5	2	0.5	9	7	10	2
251	25	15	30	2.5	3	0.5	9	5	11	2
251	15	10	30	2	2	0.5	9	7	10	2
251	25	15	40	2.5	4	0.3	9	7	10	2
251	25	15	30	2	2	0.3	7	11	11	2
251	25	20	30	2	3	0.5	9	5	14	2
251	25	15	30	1.5	4	0.3	9	7	11	2
251	25	15	20	1.5	3	0.5	7	5	11	2
252	30	15	30	2.5	3	0.3	9	11	11	2
252	25	20	30	2	3	0.3	7	5	11	2
252	30	10	40	1.5	3	0.3	7	11	10	2
252	30	15	30	2.5	4	0.5	9	5	14	2
252	15	20	30	2	4	0.5	7	7	11	1
252	30	15	30	2	3	0.5	9	5	11	2
252	30	15	40	2	3	0.5	12	7	14	2
252	25	20	30	2.5	4	0.5	9	5	11	2
252	25	20	20	2	3	0.5	7	7	11	2
252	15	10	40	2	3	0.8	9	5	11	2
253	30	10	30	2.5	3	0.3	12	7	10	2
253	25	20	30	2	3	0.5	12	7	10	2
253	15	20	30	2	2	0.3	7	5	10	2
253	25	15	40	2.5	3	0.5	12	11	11	2
253	30	15	20	2	4	0.5	7	11	11	2
253	25	20	30	2.5	2	0.3	7	11	11	2
253	15	20	30	1.5	2	0.5	7	5	11	2
253	25	15	30	1.5	3	0.5	9	5	10	2
253	25	10	20	2.5	3	0.8	7	11	11	2
253	15	10	20	2.5	3	0.5	9	11	14	2
254	15	15	30	1.5	3	0.5	9	5	11	2
254	15	15	30	1.5	4	0.5	7	5	11	1
254	25	15	30	2	3	0.5	9	11	11	2
254	25	10	30	1.5	3	0.5	9	5	10	2
254	25	15	30	2	3	0.3	9	11	11	2
254	25	15	40	2.5	3	0.5	7	7	11	2
254	15	10	40	2	3	0.5	9	7	11	2
254	25	20	30	2	4	0.5	9	11	11	2
254	30	10	40	2.5	2	0.8	9	5	11	2
254	25	15	30	2	2	0.3	7	5	11	2
255	15	15	30	1.5	3	0.8	12	11	11	2
255	30	20	30	2	2	0.8	12	7	14	2
255	15	15	30	2.5	3	0.3	9	7	10	2
255	25	20	40	2.5	3	0.3	7	5	11	2
255	30	10	40	2	3	0.5	9	7	10	2
255	30	15	20	2	4	0.3	7	5	14	2
255	30	10	30	2.5	4	0.8	12	11	11	2
255	25	15	30	1.5	3	0.5	9	11	14	2
255	25	10	30	2	2	0.3	7	7	14	2
255	30	20	30	2	4	0.5	12	7	14	2
256	15	15	30	2	3	0.8	12	7	10	2
256	30	15	40	2	3	0.8	9	11	10	2
256	25	20	40	2	3	0.3	12	7	11	2
256	30	15	30	2	2	0.5	9	11	10	2
256	25	20	20	1.5	4	0.5	9	7	11	2
256	15	15	20	2.5	4	0.5	9	5	14	2
256	25	10	30	2	3	0.3	9	5	11	2
256	15	15	40	1.5	2	0.3	9	7	11	2
256	15	15	20	1.5	3	0.5	9	7	11	3
256	15	15	30	2	4	0.3	7	7	11	1
257	25	15	40	2.5	4	0.5	7	11	11	2
257	30	15	40	1.5	3	0.5	9	5	11	2
257	25	15	30	2	3	0.5	12	5	14	2
257	30	20	20	2	3	0.3	9	7	14	2
257	15	15	20	2	4	0.8	9	5	11	2
257	25	20	30	1.5	3	0.3	7	11	10	1
257	25	15	30	2	3	0.3	12	5	11	2
257	25	15	30	2	2	0.5	9	11	14	2
257	30	15	40	2	4	0.3	9	5	14	2
257	30	15	40	2	3	0.3	9	5	10	2
258	25	15	40	2	3	0.5	12	5	14	2
258	30	15	30	1.5	3	0.3	7	7	10	2
258	25	10	40	2.5	4	0.5	7	5	11	2
258	30	20	20	2	3	0.3	9	11	11	3
258	25	20	40	2	3	0.5	9	7	14	2
258	15	10	30	1.5	4	0.3	7	7	14	1
258	30	10	40	2	2	0.5	12	5	11	2
258	30	15	30	1.5	3	0.5	9	11	11	2
258	15	15	30	2	3	0.5	12	11	11	2
258	25	10	30	1.5	3	0.5	9	5	11	2
259	30	20	30	1.5	4	0.5	9	5	11	2
259	30	15	20	2	4	0.5	7	7	14	2
259	25	10	40	2	3	0.8	7	7	10	2
259	25	15	30	2.5	2	0.8	12	7	11	2
259	30	15	30	2.5	3	0.5	7	5	10	2
259	25	20	20	2.5	2	0.3	12	7	11	2
259	15	20	20	2	4	0.3	12	5	10	2
259	15	10	40	2	2	0.3	12	7	11	2
259	15	20	40	2	3	0.8	7	11	11	1
259	25	15	40	2.5	2	0.5	12	11	14	2
260	25	20	40	1.5	3	0.3	12	7	11	2
260	25	15	40	2.5	2	0.8	7	7	10	2
260	15	15	30	1.5	3	0.8	9	5	11	2
260	25	15	40	2.5	3	0.8	9	7	11	2
260	15	15	40	2	4	0.5	9	7	11	2
260	15	20	30	1.5	3	0.5	9	7	10	1
260	15	15	30	2	2	0.8	7	11	11	1
260	15	15	30	2.5	2	0.8	7	5	14	2
260	30	20	30	2	4	0.8	9	11	11	2
260	25	20	20	1.5	3	0.5	7	7	10	2
261	25	15	30	2	3	0.8	9	7	11	2
261	30	20	40	1.5	2	0.3	12	11	11	2
261	25	20	30	2.5	3	0.5	9	11	10	2
261	25	15	40	2	3	0.5	12	11	11	2
261	25	15	40	2	3	0.5	9	11	14	2
261	25	15	30	2	3	0.3	7	7	11	2
261	25	10	40	2	3	0.8	12	5	10	2
261	25	20	30	2.5	3	0.3	7	7	11	2
261	15	10	40	2	2	0.5	9	5	11	2
261	25	15	30	1.5	2	0.3	12	7	14	2
262	30	10	30	2	3	0.8	9	11	14	2
262	25	15	20	1.5	4	0.8	12	7	10	2
262	25	15	30	2.5	2	0.5	9	5	11	2
262	25	20	40	2.5	3	0.3	12	7	10	2
262	15	20	30	2	2	0.8	9	11	10	1
262	25	10	30	2.5	3	0.3	9	5	11	2
262	15	15	30	2	2	0.5	9	7	14	2
262	25	15	30	2.5	2	0.3	12	7	10	2
262	25	20	30	2.5	3	0.3	12	7	11	2
262	30	15	20	2	4	0.3	9	7	10	2
263	15	15	30	2	3	0.5	12	7	14	2
263	25	15	20	1.5	3	0.5	12	5	11	2
263	25	15	20	2	2	0.8	7	11	10	3
263	25	20	20	2.5	3	0.3	9	7	11	2
263	25	20	20	1.5	3	0.5	12	11	11	3
263	15	15	20	2	2	0.5	12	5	11	2
263	25	20	30	2	3	0.3	7	5	14	2
263	25	10	40	2.5	3	0.5	9	11	11	2
263	30	10	30	2.5	4	0.3	12	11	11	2
263	30	10	20	2.5	2	0.8	12	11	14	2
264	25	10	30	2	2	0.5	9	7	11	2
264	25	15	30	1.5	2	0.8	12	5	11	2
264	25	20	40	1.5	2	0.3	9	5	11	2
264	25	10	30	1.5	4	0.3	9	5	11	2
264	25	20	30	2.5	4	0.3	9	7	11	2
264	25	10	20	2	3	0.5	7	11	14	2
264	25	10	30	1.5	4	0.5	9	5	10	2
264	30	10	20	1.5	4	0.3	9	7	14	2
264	30	20	30	2	3	0.5	12	5	11	2
264	25	10	40	2	3	0.5	7	11	11	2
265	25	15	40	2	4	0.5	12	5	10	2
265	25	10	20	2.5	2	0.5	7	11	11	2
265	15	10	30	2.5	3	0.3	7	7	11	2
265	30	15	40	2.5	3	0.5	9	7	14	2
265	15	15	20	2.5	4	0.8	9	11	14	1
265	25	15	30	2.5	2	0.5	12	5	14	2
265	25	20	30	2	2	0.8	9	7	14	2
265	25	15	40	1.5	4	0.8	12	5	11	2
265	25	15	40	1.5	2	0.5	9	7	14	2
265	30	10	40	1.5	2	0.3	7	11	11	2
266	25	20	30	2.5	2	0.5	12	7	10	2
266	25	15	30	2	3	0.3	9	7	14	2
266	25	15	30	2	4	0.5	7	7	14	2
266	25	10	40	2	4	0.3	12	5	14	2
266	30	10	30	1.5	2	0.5	9	5	11	2
266	30	15	20	2.5	2	0.3	9	11	14	2
266	25	15	40	2.5	2	0.5	9	5	11	2
266	25	20	20	2	3	0.5	9	11	11	2
266	25	20	40	1.5	3	0.3	7	5	11	2
266	30	10	40	1.5	3	0.5	9	11	10	2
267	25	15	40	2	2	0.5	9	11	14	2
267	30	15	30	1.5	3	0.5	9	11	10	2
267	25	15	30	1.5	4	0.5	7	11	11	2
267	15	20	20	2	4	0.5	12	11	11	1
267	25	15	30	2	3	0.5	7	7	11	2
267	15	10	40	2	4	0.3	12	7	10	2
267	25	20	20	2.5	3	0.5	7	7	14	2
267	15	20	30	2	2	0.5	9	7	14	1
267	25	15	30	2.5	3	0.5	7	11	10	2
267	15	15	20	2.5	3	0.5	7	5	11	2
268	30	15	30	2	4	0.5	12	7	11	2
268	15	15	40	2.5	3	0.5	7	7	11	1
268	25	15	40	2	4	0.3	7	7	10	2
268	15	15	30	1.5	4	0.5	9	11	14	1
268	25	20	30	1.5	4	0.3	9	11	14	2
268	15	15	30	2.5	3	0.8	12	5	11	2
268	25	20	20	2.5	4	0.3	12	11	11	3
268	15	15	30	2	3	0.5	9	5	10	2
268	15	15	40	2	3	0.5	9	7	11	2
268	25	10	30	1.5	4	0.3	9	11	11	2
269	25	20	30	1.5	2	0.8	7	7	11	2
269	30	20	20	2.5	2	0.3	9	11	11	3
269	15	10	20	2.5	3	0.3	12	11	10	2
269	25	20	40	2.5	2	0.3	9	7	10	2
269	15	15	40	1.5	2	0.5	7	7	11	2
269	15	20	30	2	3	0.5	12	11	11	1
269	25	10	40	2	3	0.3	7	7	11	2
269	25	10	30	2.5	2	0.8	9	11	11	2
269	30	15	30	2.5	2	0.5	7	5	11	2
269	30	15	20	2	3	0.8	7	7	11	2
270	25	20	30	2.5	3	0.5	9	11	11	2
270	25	15	30	2	4	0.5	12	7	10	2
270	30	10	40	2.5	2	0.5	9	5	11	2
270	15	20	20	2.5	4	0.5	12	5	10	2
270	25	20	40	2	3	0.8	7	7	14	2
270	25	15	20	2	4	0.5	9	7	10	2
270	30	20	30	2	3	0.8	9	7	11	2
270	25	15	40	2	2	0.5	9	5	14	2
270	15	20	40	1.5	3	0.3	7	7	10	1
270	15	15	20	2	2	0.8	9	11	14	1
271	25	20	30	2	4	0.3	7	7	14	2
271	30	10	30	2	3	0.5	9	7	10	2
271	30	15	20	2	3	0.3	12	11	11	3
271	25	15	20	2	2	0.8	12	5	11	2
271	15	15	20	1.5	3	0.5	9	5	11	2
271	25	15	30	2	4	0.8	7	7	11	2
271	15	10	30	2	3	0.5	7	5	11	2
271	25	10	30	2	3	0.3	12	7	10	2
271	25	10	20	2	2	0.3	12	5	10	2
271	25	10	30	1.5	2	0.5	9	11	11	2
272	25	10	30	2.5	3	0.3	7	7	14	2
272	25	20	40	2	2	0.3	9	5	10	2
272	30	10	30	2	3	0.5	9	7	11	2
272	15	20	40	2	3	0.5	12	11	14	1
272	25	15	20	1.5	3	0.8	7	7	11	2
272	25	10	30	2	4	0.5	7	5	11	2
272	30	20	30	2.5	3	0.3	9	11	11	2
272	30	15	40	2	4	0.5	12	11	10	2
272	30	15	20	2	3	0.5	7	11	10	3
272	25	10	40	2	4	0.5	9	7	10	2
273	15	15	20	2	2	0.8	9	7	14	2
273	25	15	40	2	3	0.3	9	7	10	2
273	25	15	40	2	3	0.8	9	5	11	2
273	15	15	30	1.5	4	0.5	9	7	10	1
273	25	20	20	1.5	4	0.5	7	7	10	2
273	15	15	30	2	3	0.3	9	7	11	2
273	25	15	30	1.5	2	0.5	9	7	14	2
273	15	10	30	1.5	2	0.5	9	11	11	1
273	25	20	40	1.5	4	0.5	12	7	10	2
273	25	15	30	2	4	0.5	9	5	11	2
274	25	15	20	1.5	2	0.5	9	7	11	2
274	25	15	30	2	3	0.5	7	7	11	2
274	15	15	30	2	2	0.5	12	5	14	2
274	30	10	20	2.5	3	0.5	12	7	10	2
274	30	15	20	2.5	3	0.3	9	7	11	2
274	25	10	30	2	3	0.5	9	7	10	2
274	15	10	30	2.5	4	0.3	12	11	11	2
274	15	20	30	1.5	3	0.8	7	11	10	1
274	30	20	20	2.5	3	0.5	9	7	10	2
274	15	15	20	1.5	3	0.5	12	7	14	2
275	30	15	30	2	4	0.5	7	11	14	2
275	25	20	30	2	3	0.8	9	7	10	2
275	25	20	20	1.5	3	0.8	12	7	10	3
275	25	15	30	2.5	4	0.3	9	7	11	2
275	30	15	30	2	2	0.5	7	11	14	2
275	30	15	40	2	4	0.8	12	11	14	2
275	25	15	30	2	2	0.5	7	5	14	2
275	15	15	30	1.5	3	0.8	12	5	11	2
275	25	20	20	2.5	3	0.3	9	5	11	2
275	15	15	30	2	4	0.5	9	7	11	2
276	30	15	40	2	3	0.3	7	7	11	2
276	30	15	30	1.5	3	0.5	9	5	10	2
276	25	15	30	2	4	0.5	7	5	10	2
276	30	20	20	2	3	0.3	9	7	11	2
276	25	15	40	2	2	0.3	9	7	11	2
276	30	15	40	1.5	4	0.8	12	11	14	2
276	25	10	30	2.5	4	0.5	7	11	11	2
276	25	15	30	2	3	0.5	12	7	11	2
276	25	20	30	2.5	2	0.5	9	5	14	2
276	30	15	30	2	3	0.3	7	7	14	2
277	25	15	30	2.5	3	0.5	12	7	14	2
277	25	20	30	1.5	2	0.5	9	7	11	2
277	25	15	20	2	3	0.8	9	11	11	2
277	15	10	20	2	4	0.3	7	7	11	2
277	15	20	40	2.5	2	0.8	9	11	10	1
277	30	15	40	1.5	3	0.5	12	7	11	2
277	30	20	30	1.5	2	0.3	7	7	11	2
277	30	15	30	2	4	0.5	9	7	11	2
277	25	15	30	2	3	0.5	9	7	14	2
277	15	10	20	2	3	0.3	9	5	11	2
278	30	10	20	1.5	4	0.5	9	5	10	2
278	30	10	30	2	4	0.5	7	7	11	2
278	25	10	40	2	3	0.8	7	7	11	2
278	25	10	30	1.5	3	0.8	12	7	11	2
278	15	15	30	1.5	4	0.8	7	5	14	2
278	30	15	40	2	2	0.8	7	11	11	2
278	25	10	30	2	2	0.3	12	7	14	2
278	25	10	30	2	4	0.3	9	5	10	2
278	25	20	30	2	4	0.5	12	7	10	2
278	25	10	20	2	2	0.8	7	7	10	2
279	30	15	30	2	2	0.3	9	7	10	2
279	25	10	30	2.5	4	0.8	9	11	11	2
279	30	15	20	2.5	2	0.5	9	7	11	2
279	25	15	30	2	4	0.5	9	11	14	1
279	15	15	30	1.5	3	0.5	9	7	11	2
279	25	10	30	2.5	3	0.5	7	5	11	2
279	30	15	20	1.5	2	0.5	9	11	11	2
279	15	20	40	2	2	0.5	9	11	14	1
279	25	20	30	2	3	0.3	12	5	10	2
279	30	15	30	2	3	0.8	9	7	10	2
280	25	15	20	1.5	3	0.8	9	11	11	2
280	15	10	40	2	2	0.3	12	11	11	2
280	15	15	30	2	3	0.8	12	7	11	2
280	25	10	30	2.5	4	0.8	12	7	11	2
280	15	15	30	2.5	3	0.5	12	7	11	2
280	25	10	40	1.5	2	0.5	7	11	11	2
280	25	20	30	2.5	3	0.3	9	5	14	2
280	25	10	40	2	3	0.5	9	7	11	2
280	25	15	40	1.5	2	0.5	9	7	11	2
280	15	15	30	2	3	0.5	7	11	10	1
281	25	15	30	2	3	0.5	12	7	11	2
281	15	20	20	1.5	3	0.5	9	7	11	1
281	15	15	20	2.5	4	0.8	9	5	10	2
281	25	10	30	2	3	0.5	9	7	14	2
281	15	15	30	1.5	2	0.8	12	5	11	2
281	25	10	30	2.5	4	0.5	9	5	14	2
281	25	10	40	2	3	0.5	12	7	11	2
281	25	15	30	1.5	2	0.5	9	7	10	2
281	15	15	20	2.5	2	0.8	12	5	11	2
281	25	20	40	1.5	2	0.8	9	11	10	2
282	30	15	20	2	3	0.5	12	7	11	2
282	25	10	30	2	3	0.3	9	5	11	2
282	25	15	40	2.5	4	0.5	12	5	14	2
282	25	20	40	1.5	4	0.8	9	7	10	2
282	15	20	30	2.5	3	0.5	12	5	14	2
282	30	15	20	2.5	2	0.3	7	7	14	2
282	25	20	30	2.5	4	0.8	9	7	11	2
282	25	20	20	2	3	0.8	7	11	10	2
282	15	10	30	1.5	4	0.8	9	11	10	2
282	25	15	30	2.5	4	0.8	9	7	11	2
283	30	20	20	2	3	0.5	9	7	10	2
283	25	10	20	2	2	0.5	12	11	11	2
283	15	15	20	2	3	0.3	9	5	14	2
283	25	20	20	2.5	4	0.5	12	5	11	2
283	25	20	30	2	4	0.8	7	7	11	2
283	25	15	30	2.5	3	0.8	9	7	14	2
283	30	15	20	2	3	0.5	12	7	14	2
283	25	20	40	2	2	0.5	9	5	14	2
283	25	20	30	2	3	0.8	12	7	10	2
283	25	15	30	2	3	0.5	12	7	14	2
284	25	20	20	2.5	2	0.8	9	7	11	2
284	25	15	20	2.5	2	0.3	9	7	11	2
284	25	15	20	2	4	0.5	7	7	10	2
284	30	15	30	1.5	4	0.5	9	11	10	2
284	15	15	20	2	2	0.3	9	7	11	2
284	15	15	30	2.5	4	0.3	9	11	11	1
284	30	15	30	2	3	0.5	9	7	11	2
284	15	15	30	1.5	4	0.5	7	7	10	1
284	30	20	20	2	3	0.3	9	7	11	2
284	25	15	40	1.5	2	0.8	9	11	11	2
285	15	15	30	2.5	3	0.5	9	5	14	2
285	25	15	30	1.5	4	0.5	7	11	10	2
285	30	15	30	2	3	0.5	9	7	14	2
285	15	20	20	1.5	3	0.5	12	5	10	1
285	30	10	20	2.5	3	0.5	12	5	14	2
285	25	15	20	2	3	0.3	12	11	11	2
285	25	15	40	2	3	0.3	9	7	11	2
285	30	20	40	1.5	2	0.8	9	7	11	2
285	15	15	20	2	3	0.5	9	7	11	2
285	30	10	20	2	2	0.5	9	5	11	2
286	25	15	30	2.5	4	0.8	9	7	10	2
286	15	15	40	1.5	3	0.5	9	7	14	1
286	25	15	40	2	3	0.5	9	7	14	2
286	25	15	20	1.5	3	0.5	7	7	11	2
286	25	15	20	2	2	0.3	7	5	11	2
286	25	15	30	1.5	3	0.5	12	7	10	2
286	25	10	30	2.5	3	0.5	7	5	11	2
286	25	15	30	1.5	4	0.8	9	7	14	2
286	25	15	20	2.5	3	0.3	9	11	11	2
286	25	15	30	2.5	3	0.5	9	5	11	2
287	15	10	40	1.5	3	0.3	12	7	11	2
287	25	10	30	1.5	3	0.3	12	7	14	2
287	15	15	40	2	4	0.8	9	7	11	2
287	25	20	40	2.5	3	0.8	9	7	11	2
287	15	20	30	1.5	3	0.5	12	7	11	2
287	15	15	40	1.5	4	0.5	7	5	11	1
287	25	10	30	2	3	0.8	7	11	14	2
287	25	20	30	2	3	0.3	9	5	11	2
287	30	10	30	2.5	3	0.5	9	5	11	2
287	30	15	40	2.5	3	0.8	9	11	11	2
288	30	15	30	2	3	0.8	7	5	14	2
288	25	15	30	1.5	2	0.5	7	7	11	2
288	15	15	30	2	3	0.3	9	7	10	2
288	15	10	30	2	2	0.3	9	11	10	2
288	25	10	20	1.5	2	0.8	7	7	11	2
288	15	10	20	2.5	2	0.8	7	7	10	2
288	15	15	30	1.5	2	0.5	12	7	14	2
288	25	20	30	2	2	0.5	9	7	10	2
288	25	15	40	2	2	0.5	9	5	10	2
288	25	15	30	1.5	4	0.5	7	11	14	1
289	30	20	40	2.5	2	0.5	7	11	10	2
289	25	20	20	1.5	4	0.5	9	5	11	2
289	30	20	40	2	4	0.8	9	5	14	2
289	30	10	30	2.5	2	0.3	9	5	11	2
289	25	15	30	2.5	3	0.8	12	7	11	2
289	30	20	20	2	4	0.5	9	7	14	2
289	30	10	40	1.5	4	0.3	9	11	10	2
289	25	10	40	1.5	3	0.5	9	7	14	2
289	25	15	30	2	3	0.3	7	7	11	2
289	15	10	30	1.5	3	0.3	9	5	14	2
290	30	10	30	1.5	3	0.5	9	7	14	2
290	15	10	40	2	4	0.5	7	11	10	1
290	25	10	30	2	4	0.5	9	7	11	2
290	25	15	40	1.5	3	0.8	7	5	11	2
290	25	15	20	2	3	0.8	9	5	14	2
290	25	15	40	2.5	4	0.8	9	7	11	2
290	15	20	20	2.5	4	0.8	7	7	14	1
290	15	10	40	2	2	0.8	9	5	10	2
290	15	20	30	2	2	0.5	9	11	10	1
290	25	10	20	2.5	3	0.5	7	7	11	2
291	30	20	30	2	3	0.3	9	7	14	2
291	30	15	20	2.5	4	0.8	12	5	10	2
291	15	15	30	2.5	3	0.8	7	7	11	2
291	25	15	40	2	3	0.5	12	11	11	2
291	30	15	40	2.5	3	0.5	9	5	10	2
291	30	15	40	2	2	0.5	9	5	14	2
291	30	15	20	2	3	0.5	12	11	14	2
291	25	10	40	2	3	0.5	9	7	10	2
291	30	10	30	1.5	2	0.5	9	7	14	2
291	25	15	20	1.5	3	0.3	9	7	11	2
292	25	15	30	2	2	0.5	9	7	11	2
292	25	15	30	2	2	0.5	9	5	10	2
292	25	15	30	2.5	4	0.8	9	11	11	2
292	30	15	30	1.5	3	0.3	12	5	11	2
292	15	20	40	2.5	3	0.5	12	7	11	2
292	25	15	20	2	3	0.8	7	11	11	2
292	15	15	30	2	2	0.5	7	7	11	2
292	25	20	30	2	4	0.8	7	11	11	1
292	25	15	20	1.5	3	0.5	9	11	10	3
292	25	10	40	2	4	0.8	9	11	11	2
293	30	15	30	2	3	0.5	12	7	11	2
293	25	10	30	2	2	0.5	9	11	14	2
293	25	10	30	2	2	0.8	9	11	14	2
293	15	20	30	2	4	0.5	7	11	10	1
293	15	15	30	2.5	3	0.5	9	7	14	2
293	25	10	20	1.5	4	0.5	7	7	10	2
293	25	10	20	2	4	0.8	9	7	14	2
293	15	15	30	2.5	3	0.5	9	7	11	1
293	25	15	30	2.5	3	0.3	9	7	11	2
293	30	20	30	1.5	4	0.8	9	11	14	2
294	25	15	30	2	4	0.5	9	7	11	2
294	25	20	30	2.5	3	0.8	7	7	11	2
294	25	15	40	2	4	0.8	9	11	11	2
294	15	20	30	2	3	0.5	12	11	10	1
294	15	15	40	1.5	3	0.5	9	7	14	2
294	25	20	20	2.5	3	0.5	12	11	11	2
294	15	15	30	2	3	0.5	7	11	14	1
294	25	10	30	2.5	4	0.8	9	7	10	2
294	15	10	40	2	3	0.5	9	7	14	2
294	25	10	30	1.5	4	0.8	7	7	11	2
295	15	15	40	2	4	0.3	9	5	10	2
295	25	10	20	2	3	0.5	9	11	11	2
295	15	10	20	2.5	3	0.5	7	7	11	2
295	25	10	30	2	3	0.8	7	11	10	1
295	30	20	30	2	3	0.3	12	5	11	2
295	25	15	20	2.5	2	0.5	9	11	11	2
295	15	10	20	2.5	3	0.3	9	7	14	2
295	15	10	30	2	3	0.5	9	11	11	1
295	15	15	30	2	3	0.5	9	5	11	2
295	30	10	20	2	3	0.8	9	7	11	2
296	30	15	30	2	2	0.5	9	7	10	2
296	15	20	30	2	4	0.3	9	11	10	1
296	30	20	20	2.5	3	0.5	12	7	10	2
296	25	15	20	2.5	3	0.5	12	5	14	2
296	25	15	30	2	3	0.3	7	5	10	2
296	25	15	30	1.5	3	0.5	12	5	10	2
296	25	10	20	2	2	0.5	12	5	10	2
296	30	15	20	2	4	0.5	12	7	11	2
296	25	10	30	2.5	3	0.5	9	7	11	2
296	30	10	40	2.5	2	0.5	7	7	11	2
297	15	10	30	2	4	0.3	9	5	10	2
297	15	20	30	2.5	3	0.3	9	5	10	1
297	15	15	40	2.5	3	0.5	9	7	10	2
297	15	15	20	2	3	0.3	7	7	14	1
297	15	15	30	2	2	0.5	9	11	11	1
297	25	15	30	2	4	0.8	12	11	14	2
297	25	20	40	2	2	0.5	9	7	10	2
297	25	15	30	2	3	0.5	9	7	11	2
297	15	15	20	1.5	3	0.8	9	7	14	2
297	15	10	30	2.5	3	0.8	12	7	14	2
298	15	10	30	1.5	2	0.5	12	7	11	2
298	25	20	20	1.5	3	0.5	7	7	11	2
298	25	15	30	2	3	0.8	12	7	11	2
298	25	10	30	2	3	0.5	12	11	11	2
298	25	15	30	2	3	0.5	7	11	11	2
298	25	15	20	1.5	3	0.3	12	7	14	2
298	15	10	30	2	4	0.5	12	7	11	2
298	30	15	30	1.5	2	0.5	12	7	10	2
298	25	10	20	2	3	0.5	9	11	11	2
298	15	20	30	1.5	3	0.8	7	7	11	1
299	15	10	30	1.5	3	0.5	9	5	11	2
299	30	20	40	2.5	3	0.5	9	5	11	2
299	15	10	20	2	3	0.8	7	7	11	2
299	25	15	20	2	2	0.5	7	7	14	2
299	25	15	20	2.5	3	0.8	9	7	10	2
299	25	20	30	2.5	2	0.5	12	11	11	2
299	25	15	40	2	2	0.8	7	5	11	2
299	15	20	30	1.5	3	0.5	9	11	11	1
299	30	10	20	2	4	0.8	12	7	11	2
299	25	15	40	2	2	0.5	9	5	11	2
300	30	10	30	2	3	0.5	7	5	10	2
300	15	10	40	2	3	0.5	12	7	14	2
300	15	15	30	2	2	0.5	9	5	14	2
300	25	10	40	2	3	0.8	9	5	11	2
300	25	20	30	2	3	0.8	12	5	11	2
300	25	10	30	2	3	0.8	9	5	14	2
300	25	20	30	1.5	2	0.5	7	5	14	2
300	25	15	40	1.5	3	0.3	7	11	10	2
300	15	15	20	2	2	0.8	9	7	10	2
300	15	15	30	2	4	0.8	12	7	10	2
